file version= 2.0
gentask.....= PsychoPy
id..........=
operator....=
doctor......=
referral....=
institution.=
subject.....= P04BFa
age.........=
sex.........=
hand........=
medications.=
class.......=
state.......=
label.......=
date........= 2015_Mar_11_1630
time........=
education...=
occupation..=
  Trial  Resp  Type  Correct      Latency    Stim/Resp
  ----- ----- -----    -----        -----        -----
      1     0    19        0  1467.442000         Stim
      2     0    28        0  1467.442000         Stim
      3     4    18        0   386.548603         Stim
      4     1    26        0   434.251364         Stim
      5     1    17        1   359.261853         Stim
      6     4    16        0   408.272234         Stim
      7     4    27        1   547.620657         Stim
      8     1    16        1   410.904377         Stim
      9     1    15        1   578.400732         Stim
     10     1    15        1   562.596102         Stim
     11     4    27        1   482.588314         Stim
     12     1    16        1   465.578996         Stim
     13     4    27        1   399.943856         Stim
     14     1    18        1   310.796917         Stim
     15     1    18        1   645.712656         Stim
     16     4    28        1   361.999644         Stim
     17     4    26        1   483.585027         Stim
     18     4    25        1   446.644471         Stim
     19     4    27        1   415.639819         Stim
     20     4    26        1   461.655533         Stim
     21     4    27        1   280.926019         Stim
     22     1    18        1   481.839119         Stim
     23     4    28        1   659.199068         Stim
     24     4    26        1   680.577985         Stim
     25     4    27        1   592.778812         Stim
     26     1    18        1   463.403252         Stim
     27     4    26        1   526.532423         Stim
     28     4    27        1   528.916445         Stim
     29     1    16        1   585.157672         Stim
     30     1    15        1   584.591399         Stim
     31     4    27        1   789.613600         Stim
     32     4    28        1   727.595845         Stim
     33     1    16        1   560.628635         Stim
     34     1    17        1   671.829430         Stim
     35     4    26        1   575.463115         Stim
     36     4    27        1   833.591517         Stim
     37     4    26        1   677.957614         Stim
     38     1    17        1   576.992596         Stim
     39     1    16        1   639.350235         Stim
     40     1    17        1   829.728726         Stim
     41     1    18        1   632.992644         Stim
     42     4    28        1   650.432100         Stim
     43     4    28        1   791.893483         Stim
     44     1    18        1   841.870693         Stim
     45     4    26        1   938.067971         Stim
     46     1    15        1   659.697122         Stim
     47     4    27        1   710.269885         Stim
     48     1    16        1   753.138800         Stim
     49     4    27        1   653.619951         Stim
     50     1    18        1   761.590937         Stim
     51     1    18        1   606.866210         Stim
     52     1    18        1   643.432169         Stim
     53     1    18        1  1011.482422         Stim
     54     1    16        1   739.892360         Stim
     55     4    27        1   570.291196         Stim
     56     4    28        1   955.080609         Stim
     57     4    26        1   680.272813         Stim
     58     1    17        1   526.872610         Stim
     59     1    16        1   441.484625         Stim
     60     4    25        1   635.413793         Stim
     61     1    15        1   520.852186         Stim
     62     4    25        1   528.078807         Stim
     63     1    27        0   358.122364         Stim
     64     4    28        1   475.470963         Stim
     65     4    26        1   522.327032         Stim
     66     1    15        1   645.754009         Stim
     67     4    25        1   430.145885         Stim
     68     1    17        1   535.433413         Stim
     69     1    16        1   734.739155         Stim
     70     4    27        1   809.356785         Stim
     71     1    16        1   669.912674         Stim
     72     4    25        1   508.242350         Stim
     73     4    25        1   794.633387         Stim
     74     1    17        1   740.536209         Stim
     75     4    18        0   336.566865         Stim
     76     4    26        1   581.950201         Stim
     77     4    27        1   832.287218         Stim
     78     4    28        1   530.077968         Stim
     79     4    26        1   516.087464         Stim
     80     1    17        1   658.091576         Stim
     81     4    28        1   726.837595         Stim
     82     4    28        1   862.409558         Stim
     83     1    16        1   656.237907         Stim
     84     1    15        1   647.460676         Stim
     85     1    17        1   645.078466         Stim
     86     4    26        1   634.881629         Stim
     87     1    15        1   571.782643         Stim
     88     1    15        1   712.044167         Stim
     89     4    25        1   717.603060         Stim
     90     4    25        1   702.334216         Stim
     91     4    27        1   694.495742         Stim
     92     1    16        1   501.244533         Stim
     93     4    25        1   904.233162         Stim
     94     4    25        1   653.537244         Stim
     95     4    25        1   680.248967         Stim
     96     1    15        1   528.826795         Stim
     97     1    17        1   648.857342         Stim
     98     4    26        1   744.806800         Stim
     99     1    15        1   362.093218         Stim
    100     4    25        1  1128.953874         Stim
    101     4    27        1   777.316784         Stim
    102     4    26        1   744.344364         Stim
    103     4    25        1   451.335239         Stim
    104     1    17        1   456.261451         Stim
    105     1    16        1   533.317738         Stim
    106     4    25        1   501.264153         Stim
    107     4    25        1   566.495416         Stim
    108     1    15        1   649.012795         Stim
    109     4    27        1   688.682993         Stim
    110     4    26        1   769.878867         Stim
    111     1    15        1   903.014588         Stim
    112     4    27        1   476.079496         Stim
    113     1    16        1   480.099551         Stim
    114     4    27        1   513.124493         Stim
    115     1    26        0   361.513361         Stim
    116     1    17        1   709.519483         Stim
    117     1    16        1   875.354449         Stim
    118     1    17        1   624.481042         Stim
    119     1    16        1   447.497502         Stim
    120     4    25        1   471.437929         Stim
    121     4    25        1   551.403457         Stim
    122     1    17        1   619.621539         Stim
    123     4    28        1   619.229132         Stim
    124     4    28        1   519.617313         Stim
    125     1    16        1   971.584025         Stim
    126     4    25        1   544.505251         Stim
    127     4    25        1   591.779685         Stim
    128     1    15        1   602.691306         Stim
    129     4    17        0   792.724781         Stim
    130     1    16        1   766.676527         Stim
    131     4    27        1   613.108494         Stim
    132     4    26        1   617.469641         Stim
    133     1    15        1   720.834377         Stim
    134     1    17        1   646.130116         Stim
    135     1    16        1   535.006897         Stim
    136     1    17        1   526.393270         Stim
    137     1    18        1   699.814663         Stim
    138     4    28        1   512.134722         Stim
    139     4    28        1   435.545098         Stim
    140     4    18        0   393.552457         Stim
    141     1    18        1   942.875556         Stim
    142     1    18        1   762.897953         Stim
    143     1    16        1   614.644314         Stim
    144     4    27        1   529.543088         Stim
    145     4    26        1   627.172348         Stim
    146     1    17        1   520.784572         Stim
    147     4    26        1  1236.980401         Stim
    148     1    15        1   847.267190         Stim
    149     1    15        1   551.165297         Stim
    150     1    17        1   712.143476         Stim
    151     4    28        1   545.455780         Stim
    152     4    28        1   646.063105         Stim
    153     1    18        1   534.718931         Stim
    154     1    16        1   613.992617         Stim
    155     1    17        1   680.534820         Stim
    156     1    18        1  1065.247261         Stim
