           13.995712             0.51662                   1
           21.978413             0.51662                   1
           35.927297             0.51661                   1
           37.910457             0.51666                   1
           71.841095             0.51662                   1
           97.789007             0.51664                   1
          107.738224             0.51662                   1
          111.704577             0.51665                   1
          117.687436             0.51662                   1
          131.636307             0.51663                   1
          159.534093             0.51664                   1
          163.517107             0.51662                   1
          167.483462             0.51662                   1
          179.449169             0.51662                   1
          189.398373             0.51662                   1
          205.347101             0.51661                   1
          209.330110             0.51663                   1
          257.176302             0.51661                   1
          265.142332             0.51662                   1
          303.005979             0.51660                   1
          312.955178             0.51666                   1
          336.886619             0.51661                   1
