            8.044547             0.51662                   1
           19.993596             0.51663                   1
           25.976450             0.51662                   1
           27.959621             0.51665                   1
           49.907867             0.51662                   1
           61.873582             0.51662                   1
           71.822817             0.51660                   1
          119.935610             0.51662                   1
          131.884654             0.51663                   1
          147.833379             0.51662                   1
          155.799403             0.51662                   1
          165.765275             0.51663                   1
          183.730517             0.51662                   1
          185.713697             0.51662                   1
          207.645274             0.51662                   1
          209.628446             0.51664                   1
          215.594642             0.51662                   1
          253.491612             0.51662                   1
          273.440016             0.49996                   1
          289.355423             0.51661                   1
          309.287152             0.51662                   1
          319.253022             0.51662                   1
          325.252544             0.51662                   1
