           39.942000             0.51662                   1
           87.788180             0.51662                   1
           94.021010             0.51662                   1
           96.004186             0.51662                   1
          101.987044             0.51662                   1
          115.952588             0.51664                   1
          127.901641             0.51662                   1
          139.867353             0.51662                   1
          159.782424             0.51665                   1
          177.747659             0.51662                   1
          193.679722             0.51662                   1
          211.611622             0.51663                   1
          219.577662             0.51662                   1
          259.457802             0.51663                   1
          267.440498             0.51662                   1
          275.423190             0.51669                   1
          285.372395             0.51662                   1
          297.338111             0.51662                   1
          299.321289             0.51663                   1
          307.303981             0.51662                   1
          321.236199             0.51662                   1
          339.201430             0.51665                   1
