           14.004460             0.91514                   1
           23.953663             0.93365                   1
           41.918888             0.90400                   1
           45.901912             0.92888                   1
           55.884442             0.73812                   1
           57.867620             0.59485                   1
           85.765397             0.90433                   1
          101.714124             0.85918                   1
          105.680468             0.58875                   1
          109.663488             0.51757                   1
          131.595057             0.73747                   1
          147.577101             1.37100                   1
          153.559978             0.77996                   1
          175.491562             1.23175                   1
          181.457748             0.96943                   1
          187.423940             0.59512                   1
          229.270600             0.64337                   1
          231.253773             0.62817                   1
          237.236632             0.58109                   1
          255.185197             0.91205                   1
          271.100593             0.79628                   1
          299.031682             0.90445                   1
          306.997737             1.05016                   1
          332.912325             0.63087                   1
