           27.944599             0.54252                   1
           83.823473             0.87017                   1
           93.806006             0.65556                   1
          103.771877             0.60927                   1
          137.619178             0.69706                   1
          141.602194             1.13791                   1
          157.550919             0.93278                   1
          165.500300             0.61524                   1
          181.432343             0.59477                   1
          187.415201             0.65975                   1
          191.381547             0.82927                   1
          211.313292             1.05698                   1
          215.296290             0.76192                   1
          229.261858             1.39599                   1
          235.261384             0.58829                   1
          239.244397             0.90122                   1
          247.210432             0.72699                   1
          255.193129             0.56804                   1
          261.159317             1.00970                   1
          295.039943             0.93615                   1
          310.972019             0.52372                   1
          316.938199             0.82135                   1
