           27.944599             0.51664                   1
           83.823473             0.51662                   1
           93.806006             0.51662                   1
          103.771877             0.51662                   1
          137.619178             0.51663                   1
          141.602194             0.51662                   1
          157.550919             0.51662                   1
          165.500300             0.51661                   1
          181.432343             0.51662                   1
          187.415201             0.51662                   1
          191.381547             0.51663                   1
          211.313292             0.51663                   1
          215.296290             0.51664                   1
          229.261858             0.51662                   1
          235.261384             0.49996                   1
          239.244397             0.51662                   1
          247.210432             0.51662                   1
          255.193129             0.51662                   1
          261.159317             0.51662                   1
          295.039943             0.51662                   1
          310.972019             0.51660                   1
          316.938199             0.51662                   1
