            8.021604             1.00213                   1
           17.970814             0.75667                   1
           31.936371             0.86272                   1
           53.901274             0.68126                   1
           63.850480             0.59581                   1
           65.833650             0.80457                   1
           67.816833             0.75780                   1
          127.612043             0.60053                   1
          139.577757             0.93052                   1
          179.474576             0.64864                   1
          185.440767             0.57828                   1
          209.338852             0.67963                   1
          219.304723             0.91348                   1
          223.304390             0.64173                   1
          247.219170             0.73430                   1
          261.151387             1.07368                   1
          267.117577             0.93936                   1
          275.083642             0.93306                   1
          301.014868             0.89718                   1
          305.014552             0.92143                   1
          308.980902             0.54696                   1
          318.963443             0.65213                   1
          322.946459             0.70904                   1
          340.878360             0.73665                   1
