           10.008223             0.51662                   1
           43.905519             0.51662                   1
           65.837107             0.51662                   1
           67.820267             0.51663                   1
           85.785513             0.51662                   1
           91.768370             0.51662                   1
          113.699951             0.51662                   1
          117.666302             0.51662                   1
          131.615188             0.51662                   1
          157.546452             0.51662                   1
          165.495812             0.51663                   1
          167.478992             0.51663                   1
          177.461524             0.51662                   1
          181.427875             0.51662                   1
          189.410574             0.51662                   1
          197.376602             0.51662                   1
          203.342785             0.51663                   1
          231.257227             0.51663                   1
          245.189458             0.51662                   1
          259.155008             0.51662                   1
          261.138182             0.51662                   1
          271.120720             0.51661                   1
          289.052618             0.51662                   1
          324.916425             0.51664                   1
