           13.995712             0.69977                   1
           21.978413             0.60484                   1
           35.927297             0.54366                   1
           37.910457             0.62446                   1
           71.841095             0.67687                   1
           97.789007             0.81628                   1
          107.738224             0.73081                   1
          111.704577             0.61236                   1
          117.687436             1.06935                   1
          131.636307             1.40010                   1
          159.534093             0.63758                   1
          163.517107             0.70247                   1
          167.483462             0.87998                   1
          179.449169             0.85003                   1
          189.398373             0.90852                   1
          205.347101             1.17536                   1
          209.330110             0.88023                   1
          257.176302             0.64883                   1
          265.142332             0.57062                   1
          303.005979             0.71397                   1
          312.955178             0.66050                   1
          336.886619             0.96844                   1
