           12.027561             0.51662                   1
           16.010576             0.51659                   1
           47.924695             0.51662                   1
           51.891042             0.51662                   1
           63.856753             0.51662                   1
           69.839612             0.51662                   1
           89.771340             0.51663                   1
           91.754520             0.51664                   1
          113.969423             0.51662                   1
          123.918627             0.51665                   1
          143.850365             0.51662                   1
          153.816230             0.51663                   1
          167.748447             0.51663                   1
          191.696547             0.51662                   1
          195.662898             0.51662                   1
          229.560191             0.51662                   1
          235.543054             0.51662                   1
          241.525901             0.51663                   1
          249.508595             0.51662                   1
          257.474630             0.51662                   1
          277.406366             0.51663                   1
          323.269430             0.51656                   1
          337.218259             0.51662                   1
