           17.990922             0.54460                   1
           27.956793             0.50643                   1
           53.871381             0.61515                   1
           55.854549             0.58395                   1
           73.803126             0.67490                   1
           81.802497             0.85933                   1
          103.734083             0.53516                   1
          109.716939             0.71217                   1
          121.649316             0.45946                   1
          143.597570             1.10265                   1
          147.580581             0.88753                   1
          179.444698             1.05453                   1
          229.274063             0.59188                   1
          235.240252             0.67352                   1
          243.206268             0.58730                   1
          247.189292             1.18017                   1
          251.172326             1.10106                   1
          277.103575             0.56915                   1
          287.069444             0.70702                   1
          297.018652             0.50153                   1
          309.001029             0.71886                   1
          322.933251             0.61028                   1
          338.898647             0.62844                   1
          340.881845             0.83719                   1
