           15.987632             0.57189                   1
           73.799683             0.66237                   1
           79.782540             0.59934                   1
           91.748250             0.76933                   1
           93.731426             1.49804                   1
          103.697296             0.60393                   1
          121.645854             0.86289                   1
          123.629023             0.65570                   1
          155.543152             0.59670                   1
          163.525851             0.75780                   1
          167.508864             0.64668                   1
          191.406956             0.59598                   1
          193.390129             0.58877                   1
          195.373306             0.95749                   1
          197.356486             0.58230                   1
          215.321707             0.66462                   1
          225.287581             0.80245                   1
          249.202341             0.55108                   1
          257.168370             1.28083                   1
          263.134561             0.82647                   1
          287.065980             0.69448                   1
          289.049156             0.61523                   1
          330.929156             0.74215                   1
          334.895501             0.91967                   1
