           39.942000             0.60887                   1
           87.788180             0.60142                   1
           94.021010             0.83247                   1
           96.004186             0.79321                   1
          101.987044             0.73024                   1
          115.952588             0.83631                   1
          127.901641             0.60690                   1
          139.867353             0.66488                   1
          159.782424             0.60528                   1
          177.747659             0.72759                   1
          193.679722             0.77911                   1
          211.611622             0.59878                   1
          219.577662             0.76052                   1
          259.457802             0.55927                   1
          267.440498             0.62441                   1
          275.423190             0.59351                   1
          285.372395             0.61205                   1
          297.338111             0.67000                   1
          299.321289             0.83075                   1
          307.303981             0.69586                   1
          321.236199             0.46731                   1
          339.201430             0.72561                   1
