            8.025053             0.73468                   1
           23.973785             0.77757                   1
           33.939649             0.66744                   1
           41.922348             0.59655                   1
           47.888533             0.55021                   1
           93.751540             0.71799                   1
          115.683126             0.77778                   1
          125.632329             0.97236                   1
          149.563752             1.28025                   1
          159.529624             0.73019                   1
          163.512642             0.77902                   1
          173.478513             0.73289                   1
          193.393591             0.96926                   1
          199.359779             0.89093                   1
          213.325337             0.87700                   1
          215.308506             0.58982                   1
          221.291362             0.81477                   1
          241.223096             0.61056                   1
          285.086271             0.78619                   1
          293.035636             0.58865                   1
          314.967213             0.61646                   1
          320.950061             0.70551                   1
          326.899591             0.87580                   1
