           23.961582             0.51662                   1
           45.893168             0.51662                   1
           55.892367             0.51662                   1
           57.875537             0.51662                   1
           65.858240             0.51662                   1
          105.755050             0.51662                   1
          109.721401             0.51662                   1
          129.653138             0.51663                   1
          147.585044             0.51663                   1
          153.584621             0.51657                   1
          155.567742             0.51662                   1
          177.465995             0.51663                   1
          201.364086             0.51663                   1
          217.279476             0.51662                   1
          241.227571             0.51662                   1
          273.125032             0.51662                   1
          293.056775             0.51662                   1
          297.023123             0.51662                   1
          306.988982             0.51663                   1
          322.937718             0.51662                   1
          326.920735             0.51662                   1
          334.903431             0.51662                   1
