            8.021604             0.51662                   1
           17.970814             0.51661                   1
           31.936371             0.51660                   1
           53.901274             0.51662                   1
           63.850480             0.51662                   1
           65.833650             0.51662                   1
           67.816833             0.51662                   1
          127.612043             0.51663                   1
          139.577757             0.51662                   1
          179.474576             0.51662                   1
          185.440767             0.51662                   1
          209.338852             0.51663                   1
          219.304723             0.51663                   1
          223.304390             0.49998                   1
          247.219170             0.51662                   1
          261.151387             0.51662                   1
          267.117577             0.51662                   1
          275.083642             0.51659                   1
          301.014868             0.51663                   1
          305.014552             0.51662                   1
          308.980902             0.51663                   1
          318.963443             0.51664                   1
          322.946459             0.51662                   1
          340.878360             0.51662                   1
