            8.025053             0.51662                   1
           23.973785             0.51661                   1
           33.939649             0.51664                   1
           41.922348             0.51662                   1
           47.888533             0.51662                   1
           93.751540             0.51662                   1
          115.683126             0.51662                   1
          125.632329             0.51662                   1
          149.563752             0.51662                   1
          159.529624             0.51663                   1
          163.512642             0.51660                   1
          173.478513             0.51662                   1
          193.393591             0.51662                   1
          199.359779             0.51662                   1
          213.325337             0.51662                   1
          215.308506             0.51662                   1
          221.291362             0.51662                   1
          241.223096             0.51663                   1
          285.086271             0.51662                   1
          293.035636             0.51662                   1
          314.967213             0.51662                   1
          320.950061             0.51663                   1
          326.899591             0.51663                   1
