           12.027561             0.58806                   1
           16.010576             0.43693                   1
           47.924695             0.61798                   1
           51.891042             0.58753                   1
           63.856753             0.65352                   1
           69.839612             0.63848                   1
           89.771340             0.52226                   1
           91.754520             0.50701                   1
          113.969423             0.54753                   1
          123.918627             0.55806                   1
          143.850365             0.57779                   1
          153.816230             0.74762                   1
          167.748447             0.87907                   1
          191.696547             0.69837                   1
          195.662898             0.68387                   1
          229.560191             0.55369                   1
          235.543054             0.63468                   1
          241.525901             0.59566                   1
          249.508595             0.56479                   1
          257.474630             0.57452                   1
          277.406366             0.59426                   1
          323.269430             0.55407                   1
          337.218259             0.55683                   1
