           10.008223             0.62349                   1
           43.905519             0.50130                   1
           65.837107             0.60112                   1
           67.820267             0.66593                   1
           85.785513             0.58021                   1
           91.768370             0.48521                   1
          113.699951             0.71305                   1
          117.666302             0.54658                   1
          131.615188             0.65331                   1
          157.546452             0.64935                   1
          165.495812             0.62781                   1
          167.478992             0.57256                   1
          177.461524             0.49379                   1
          181.427875             0.53536                   1
          189.410574             0.66443                   1
          197.376602             0.65016                   1
          203.342785             0.65981                   1
          231.257227             0.72872                   1
          245.189458             0.77207                   1
          259.155008             0.61415                   1
          261.138182             0.56696                   1
          271.120720             0.72817                   1
          289.052618             0.62777                   1
          324.916425             0.58704                   1
