           17.990922             0.51662                   1
           27.956793             0.51662                   1
           53.871381             0.51662                   1
           55.854549             0.51663                   1
           73.803126             0.51663                   1
           81.802497             0.51662                   1
          103.734083             0.51662                   1
          109.716939             0.51662                   1
          121.649316             0.51662                   1
          143.597570             0.51662                   1
          147.580581             0.51662                   1
          179.444698             0.51662                   1
          229.274063             0.51662                   1
          235.240252             0.51662                   1
          243.206268             0.51664                   1
          247.189292             0.51663                   1
          251.172326             0.51660                   1
          277.103575             0.51662                   1
          287.069444             0.51662                   1
          297.018652             0.51662                   1
          309.001029             0.51662                   1
          322.933251             0.51661                   1
          338.898647             0.49996                   1
          340.881845             0.51659                   1
