            8.044547             0.85917                   1
           19.993596             0.98980                   1
           25.976450             0.78280                   1
           27.959621             0.52755                   1
           49.907867             0.69876                   1
           61.873582             0.66075                   1
           71.822817             0.52722                   1
          119.935610             0.68516                   1
          131.884654             0.63982                   1
          147.833379             0.70662                   1
          155.799403             1.12440                   1
          165.765275             0.76628                   1
          183.730517             0.94457                   1
          185.713697             0.98537                   1
          207.645274             0.70920                   1
          209.628446             0.62993                   1
          215.594642             1.07159                   1
          253.491612             0.54162                   1
          273.440016             0.57671                   1
          289.355423             0.48494                   1
          309.287152             0.53662                   1
          319.253022             0.84250                   1
          325.252544             0.57885                   1
