           15.987632             0.51662                   1
           73.799683             0.51662                   1
           79.782540             0.51662                   1
           91.748250             0.51662                   1
           93.731426             0.51662                   1
          103.697296             0.51662                   1
          121.645854             0.51663                   1
          123.629023             0.51662                   1
          155.543152             0.51662                   1
          163.525851             0.51662                   1
          167.508864             0.51662                   1
          191.406956             0.51662                   1
          193.390129             0.51666                   1
          195.373306             0.51664                   1
          197.356486             0.51662                   1
          215.321707             0.51662                   1
          225.287581             0.51661                   1
          249.202341             0.51662                   1
          257.168370             0.51662                   1
          263.134561             0.51662                   1
          287.065980             0.51662                   1
          289.049156             0.51662                   1
          330.929156             0.51662                   1
          334.895501             0.51662                   1
