           14.004460             0.51662                   1
           23.953663             0.51662                   1
           41.918888             0.51662                   1
           45.901912             0.51661                   1
           55.884442             0.51662                   1
           57.867620             0.51662                   1
           85.765397             0.51662                   1
          101.714124             0.51662                   1
          105.680468             0.51662                   1
          109.663488             0.51662                   1
          131.595057             0.51663                   1
          147.577101             0.51664                   1
          153.559978             0.51662                   1
          175.491562             0.51662                   1
          181.457748             0.51662                   1
          187.423940             0.51663                   1
          229.270600             0.51662                   1
          231.253773             0.51662                   1
          237.236632             0.51662                   1
          255.185197             0.51662                   1
          271.100593             0.51662                   1
          299.031682             0.51663                   1
          306.997737             0.51662                   1
          332.912325             0.51663                   1
