           23.961582             0.56563                   1
           45.893168             0.56148                   1
           55.892367             0.97002                   1
           57.875537             0.87478                   1
           65.858240             0.56390                   1
          105.755050             0.73803                   1
          109.721401             0.87559                   1
          129.653138             1.37532                   1
          147.585044             0.58693                   1
          153.584621             0.59521                   1
          155.567742             0.65203                   1
          177.465995             0.76921                   1
          201.364086             1.07049                   1
          217.279476             0.94670                   1
          241.227571             0.91797                   1
          273.125032             0.79563                   1
          293.056775             0.88740                   1
          297.023123             0.76895                   1
          306.988982             0.84287                   1
          322.937718             0.95767                   1
          326.920735             0.99856                   1
          334.903431             0.75962                   1
