            8.028325             0.89137                   1
           13.994515             0.56505                   1
           21.977220             0.62213                   1
           35.926101             1.04089                   1
           37.909271             0.56166                   1
           71.823231             0.80682                   1
          107.737023             1.18008                   1
          111.703369             1.03761                   1
          117.686222             0.67860                   1
          131.635111             0.66537                   1
          159.516221             0.50348                   1
          163.499239             1.43236                   1
          167.465572             0.75393                   1
          179.447957             0.59527                   1
          189.397165             0.85375                   1
          205.345891             0.88066                   1
          209.328906             0.76155                   1
          257.175073             1.08210                   1
          265.141116             0.98785                   1
          279.089999             0.63862                   1
          303.004765             0.61122                   1
          312.953959             1.42970                   1
          336.885383             0.97770                   1
