           27.943424             0.51660                   1
           83.805594             0.51662                   1
           93.804787             0.51664                   1
          103.770675             0.51662                   1
          137.617969             0.51662                   1
          141.600987             0.51662                   1
          181.431135             0.51662                   1
          187.413992             0.51662                   1
          191.380338             0.51662                   1
          211.312080             0.51661                   1
          215.295079             0.51664                   1
          229.260649             0.51662                   1
          235.243499             0.51661                   1
          239.226509             0.51662                   1
          247.192578             0.51659                   1
          255.175247             0.51662                   1
          261.158100             0.51662                   1
          277.106828             0.51662                   1
          281.073172             0.51663                   1
          295.038730             0.51662                   1
          310.970788             0.51661                   1
          316.936980             0.51661                   1
