            8.028325             0.51662                   1
           13.994515             0.51663                   1
           21.977220             0.51661                   1
           35.926101             0.51662                   1
           37.909271             0.51662                   1
           71.823231             0.51662                   1
          107.737023             0.51662                   1
          111.703369             0.51662                   1
          117.686222             0.51663                   1
          131.635111             0.51662                   1
          159.516221             0.51662                   1
          163.499239             0.51662                   1
          167.465572             0.51664                   1
          179.447957             0.51662                   1
          189.397165             0.51662                   1
          205.345891             0.51662                   1
          209.328906             0.51666                   1
          257.175073             0.51663                   1
          265.141116             0.51662                   1
          279.089999             0.51663                   1
          303.004765             0.51662                   1
          312.953959             0.51662                   1
          336.885383             0.51663                   1
