           27.943424             0.54375                   1
           83.805594             0.76814                   1
           93.804787             0.84071                   1
          103.770675             1.02649                   1
          137.617969             1.29036                   1
          141.600987             0.69924                   1
          181.431135             0.92403                   1
          187.413992             0.49302                   1
          191.380338             1.32653                   1
          211.312080             0.79431                   1
          215.295079             0.61121                   1
          229.260649             0.64525                   1
          235.243499             0.65426                   1
          239.226509             0.97510                   1
          247.192578             1.22482                   1
          255.175247             0.80997                   1
          261.158100             0.81896                   1
          277.106828             0.68586                   1
          281.073172             0.59939                   1
          295.038730             0.96941                   1
          310.970788             0.78898                   1
          316.936980             1.23061                   1
