file version= 2.0
gentask.....= PsychoPy
id..........=
operator....=
doctor......=
referral....=
institution.=
subject.....= P09aBFa
age.........=
sex.........=
hand........=
medications.=
class.......=
state.......=
label.......=
date........= 2015_Apr_20_1441
time........=
education...=
occupation..=
  Trial  Resp  Type  Correct      Latency    Stim/Resp
  ----- ----- -----    -----        -----        -----
      1     4    19        0   374.039492         Stim
      2     1    28        0   252.774363         Stim
      3     1    18        1   313.850506         Stim
      4     4    26        1   229.125111         Stim
      5     1    17        1   178.801702         Stim
      6     1    16        1   227.988018         Stim
      7     1    27        0   331.695057         Stim
      8     1    16        1   365.475521         Stim
      9     1    15        1   264.470399         Stim
     10     0    15        0  1467.291000         Stim
     11     4    27        1   174.255743         Stim
     12     1    16        1   235.382295         Stim
     13     4    27        1   218.689931         Stim
     14     1    18        1   182.532951         Stim
     15     4    18        0   231.792014         Stim
     16     4    28        1   379.938373         Stim
     17     1    26        0   314.525156         Stim
     18     1    25        0   323.641525         Stim
     19     1    27        0   264.072250         Stim
     20     4    26        1   380.081755         Stim
     21     1    27        0   271.255832         Stim
     22     4    18        0   227.290729         Stim
     23     4    28        1   317.582057         Stim
     24     4    26        1   246.002816         Stim
     25     4    27        1   289.165886         Stim
     26     4    18        0   229.759312         Stim
     27     4    26        1   237.605167         Stim
     28     4    27        1   388.943055         Stim
     29     1    16        1   353.070122         Stim
     30     4    15       -1    18.775779         Stim
     31     4    27        1   240.757757         Stim
     32     1    28        0   375.664688         Stim
     33     4    16        0   271.600552         Stim
     34     4    17        0   210.819927         Stim
     35     1    26        0   278.600303         Stim
     36     1    27        0   376.605273         Stim
     37     4    26        1   318.946146         Stim
     38     1    17        1   396.030345         Stim
     39     1    16        1   383.371086         Stim
     40     1    17        1   439.203075         Stim
     41     1    18        1   348.323127         Stim
     42     4    28        1   449.864949         Stim
     43     4    28        1   459.873305         Stim
     44     4    18        0   334.923413         Stim
     45     4    26        1   291.062149         Stim
     46     1    15        1   393.646886         Stim
     47     1    27        0   277.261268         Stim
     48     1    16        1   296.286078         Stim
     49     4    27        1   195.645901         Stim
     50     1    18        1   236.233229         Stim
     51     4    18        0   319.423382         Stim
     52     1    18        1   471.984997         Stim
     53     1    18        1   458.511328         Stim
     54     1    16        1   351.906164         Stim
     55     1    27        0   300.328541         Stim
     56     4    28        1   419.728800         Stim
     57     4    26        1   286.193203         Stim
     58     4    17        0   179.812620         Stim
     59     1    16        1   351.025044         Stim
     60     4    25        1   316.655961         Stim
     61     4    15        0   281.073414         Stim
     62     4    25        1   341.368050         Stim
     63     1    27        0   366.362073         Stim
     64     4    28        1   267.798669         Stim
     65     4    26        1   209.022371         Stim
     66     4    15        0   255.339540         Stim
     67     4    25        1   218.491611         Stim
     68     4    17        0   288.525044         Stim
     69     4    16        0   276.656951         Stim
     70     4    27        1   425.225608         Stim
     71     1    16        1   321.863590         Stim
     72     4    25        1   204.245793         Stim
     73     4    25        1   333.623015         Stim
     74     1    17        1   315.967124         Stim
     75     1    18        1   324.573356         Stim
     76     4    26        1   224.365135         Stim
     77     1    27        0   303.399025         Stim
     78     4    28        1   367.476829         Stim
     79     4    26        1   271.557085         Stim
     80     4    17        0   257.510493         Stim
     81     4    28        1   254.918149         Stim
     82     4    28        1   358.892935         Stim
     83     4    16        0   300.255491         Stim
     84     4    15        0   183.490138         Stim
     85     1    17        1   385.419484         Stim
     86     4    26        1   305.973862         Stim
     87     1    15        1   201.945043         Stim
     88     4    15        0   171.134546         Stim
     89     4    25        1   448.106333         Stim
     90     4    25        1   344.789594         Stim
     91     1    27        0   286.854570         Stim
     92     1    16        1   403.527858         Stim
     93     4    25        1   340.733849         Stim
     94     1    25        0   293.729655         Stim
     95     1    25        0   256.681594         Stim
     96     1    15        1   235.823610         Stim
     97     4    17        0   218.539908         Stim
     98     4    26        1   327.477518         Stim
     99     1    15        1   488.550883         Stim
    100     4    25        1   235.666040         Stim
    101     1    27        0   236.005025         Stim
    102     4    26        1   234.954866         Stim
    103     4    25        1   319.369349         Stim
    104     4    17        0   178.928180         Stim
    105     1    16       -1    10.027372         Stim
    106     4    25        1   220.389987         Stim
    107     0    25        0  1467.291000         Stim
    108     0    15        0  1467.291000         Stim
    109     0    27        0  1467.291000         Stim
    110     0    26        0  1467.291000         Stim
    111     0    15        0  1467.291000         Stim
    112     0    27        0  1467.291000         Stim
    113     4    16        0   235.071383         Stim
    114     4    27        1   219.987310         Stim
    115     0    26        0  1467.291000         Stim
    116     0    17        0  1467.291000         Stim
    117     4    16        0   304.088466         Stim
    118     4    17        0   293.726334         Stim
    119     4    16        0   140.736687         Stim
    120     4    25       -1     3.070787         Stim
    121     4    25        1  1384.054791         Stim
    122     0    17        0  1467.291000         Stim
    123     0    28        0  1467.291000         Stim
    124     1    28       -1    48.230638         Stim
    125     1    16       -1    58.267368         Stim
    126     0    25        0  1467.291000         Stim
    127     0    25        0  1467.291000         Stim
    128     4    15        0   192.385246         Stim
    129     4    17        0   206.338565         Stim
    130     1    16        1   364.918595         Stim
    131     4    27        1   355.728271         Stim
    132     4    26        1   274.111998         Stim
    133     1    15        1   252.509032         Stim
    134     4    17        0   249.614227         Stim
    135     1    16        1   424.628535         Stim
    136     4    17        0   264.489718         Stim
    137     1    18        1   267.804102         Stim
    138     1    28        0   268.880221         Stim
    139     4    28        1   426.239846         Stim
    140     4    18        0   300.203572         Stim
    141     4    18        0   238.630272         Stim
    142     1    18        1   253.552550         Stim
    143     1    16        1   402.898789         Stim
    144     4    27        1   319.447530         Stim
    145     4    26        1   257.007298         Stim
    146     1    17        1   427.603332         Stim
    147     4    26        1   196.108345         Stim
    148     1    15        1   220.791154         Stim
    149     4    15        0   218.564056         Stim
    150     4    17        0   332.867166         Stim
    151     4    28        1   311.946999         Stim
    152     1    28        0   301.583962         Stim
    153     4    18        0   302.352187         Stim
    154     4    16        0   243.478389         Stim
    155     1    17        1   217.043605         Stim
    156     4    18        0   168.908656         Stim
