file version= 2.0
gentask.....= PsychoPy
id..........=
operator....=
doctor......=
referral....=
institution.=
subject.....= P09E1BEH
age.........=
sex.........=
hand........=
medications.=
class.......=
state.......=
label.......=
date........= 2015_Jun_15_1151
time........=
education...=
occupation..=
  Trial  Resp  Type  Correct      Latency    Stim/Resp
  ----- ----- -----    -----        -----        -----
      1     0    19        0  1466.617000         Stim
      2     1    18        1   334.546380         Stim
      3     6    28        1   338.068401         Stim
      4     6    28        1   397.440770         Stim
      5     1    26        1   236.880639         Stim
      6     1    15        1   224.306048         Stim
      7     1    17        1   275.734854         Stim
      8     0    26        0  1466.617000         Stim
      9     1    15        1   370.587324         Stim
     10     1    15        1   399.829149         Stim
     11     6    25        1   169.485320         Stim
     12     1    17        1   254.206397         Stim
     13     6    26        1   353.666654         Stim
     14     6    25        1   229.101586         Stim
     15     1    17        1   292.519992         Stim
     16     1    18        1   391.952871         Stim
     17     6    26        1   245.326486         Stim
     18     6    27        1   272.788829         Stim
     19     6    28        1   402.340870         Stim
     20     0    18        0  1466.617000         Stim
     21     6    26        1   282.397654         Stim
     22     1    15        1   533.868358         Stim
     23     6    25        1   385.310204         Stim
     24     1    15        1   260.735175         Stim
     25     1    15        1   260.163767         Stim
     26     1    17        1   596.117795         Stim
     27     1    16        1   287.010572         Stim
     28     6    25        1   216.829149         Stim
     29     0    27        0  1466.617000         Stim
     30     0    16        0  1466.617000         Stim
     31     1    15        1   524.635882         Stim
     32     1    17        1   296.126834         Stim
     33     6    26        1   503.573004         Stim
     34     6    27        1   135.022160         Stim
     35     6    26        1   385.085625         Stim
     36     1    17        1   388.562066         Stim
     37     6    26        1   791.937567         Stim
     38     1    15        1   335.403341         Stim
     39     1    17        1   338.852313         Stim
     40     6    28        1  1058.243137         Stim
     41     6    28        1   285.705963         Stim
     42     1    16        1   417.130942         Stim
     43     6    25        1   524.502463         Stim
     44     1    15        1   596.004795         Stim
     45     1    17        1   635.382422         Stim
     46     1    18        1   582.825893         Stim
     47     1    16        1   566.269257         Stim
     48     6    27        1   237.681757         Stim
     49     1    18        1  1337.091302         Stim
     50     0    18        0  1466.617000         Stim
     51     1    28        1   616.137866         Stim
     52     6    26        1   383.386796         Stim
     53     1    15        1   454.858641         Stim
     54     6    25        1   446.303825         Stim
     55     1    15        1   897.687836         Stim
     56     6    25        1   277.137866         Stim
     57     1    17        1   240.572965         Stim
     58     0    18        0  1466.617000         Stim
     59     0    26        0  1466.617000         Stim
     60     1    15        1   406.411092         Stim
     61     6    27        1   162.311180         Stim
     62     0    18        0  1466.617000         Stim
     63     6    26        1   299.177662         Stim
     64     1    15        1   332.635478         Stim
     65     0    27        0  1466.617000         Stim
     66     0    18        0  1466.617000         Stim
     67     0    28        0  1466.617000         Stim
     68     0    28        0  1466.617000         Stim
     69     6    26        1   350.388832         Stim
     70     6    27        1   478.315209         Stim
     71     1    16        1   373.273907         Stim
     72     0    27        0  1466.617000         Stim
     73     6    28        1  1371.377877         Stim
     74     6    28        1  1326.904972         Stim
     75     1    16        1  1437.598989         Stim
     76     1    17        1  1282.352980         Stim
     77     6    26        1  1373.892011         Stim
     78     1    15        1  1444.571491         Stim
     79     0    27        0  1466.617000         Stim
     80     1    18        1  1371.626598         Stim
     81     0    16        0  1466.617000         Stim
     82     0    25        0  1466.617000         Stim
     83     1    25       -1     0.234540         Stim
     84     1    17        1   673.884374         Stim
     85     6    28        1   345.407352         Stim
     86     1    16        1   228.826598         Stim
     87     1    15        1   188.214995         Stim
     88     1    17        1   344.358715         Stim
     89     0    16        0  1466.617000         Stim
     90     6    27        1   259.157088         Stim
     91     1    16        1   374.625212         Stim
     92     1    15        1   274.149823         Stim
     93     1    15        1   381.528590         Stim
     94     6    25        1   520.899546         Stim
     95     1    15        1   248.347430         Stim
     96     0    17        0  1466.617000         Stim
     97     1    16        1  1299.132686         Stim
     98     0    15        0  1466.617000         Stim
     99     1    15        1   348.080321         Stim
    100     1    17       -1     0.213108         Stim
    101     0    28        0  1466.617000         Stim
    102     0    16        0  1466.617000         Stim
    103     1    17        1   281.756821         Stim
    104     6    26        1   216.804095         Stim
    105     6    25        1   496.115010         Stim
    106     0    27        0  1466.617000         Stim
    107     6    28        1   125.539147         Stim
    108     1    18        1   252.331950         Stim
    109     1    18        1   195.758603         Stim
    110     1    26        1   327.862811         Stim
    111     1    17        1   186.579254         Stim
    112     6    28        1   270.693909         Stim
    113     6    26        1   254.120972         Stim
    114     1    15        1   389.541669         Stim
    115     6    27        1   381.036056         Stim
    116     0    18        0  1466.617000         Stim
    117     0    28        0  1466.617000         Stim
    118     0    28        0  1466.617000         Stim
    119     1    16        1   314.759373         Stim
    120     1    15        1   258.105734         Stim
    121     6    27        1   261.552895         Stim
    122     6    28        1   556.946226         Stim
    123     6    26        1   364.379416         Stim
    124     1    27        1   231.827379         Stim
    125     6    26        1   227.260283         Stim
    126     0    25        0  1466.617000         Stim
    127     0    27        0  1466.617000         Stim
    128     0    16        0  1466.617000         Stim
    129     6    27        1   216.920611         Stim
    130     1    18        1   136.406156         Stim
    131     1    16        1   138.544785         Stim
    132     6    25        1   296.607142         Stim
    133     0    27        0  1466.617000         Stim
    134     6    26        1   363.493477         Stim
    135     0    25        0  1466.617000         Stim
    136     1    17        1   770.327308         Stim
    137     6    26        1   277.769343         Stim
    138     6    25        1   229.219309         Stim
    139     6    27        1   300.649799         Stim
    140     6    28        1   466.870619         Stim
    141     1    18        1   235.485475         Stim
    142     6    26        1   294.892255         Stim
    143     1    27        0   150.355990         Stim
    144     6    26        1   216.769986         Stim
    145     0    27        0  1466.617000         Stim
    146     6    18        1   414.644398         Stim
    147     6    26        1   410.037095         Stim
    148     6    25        1   341.508619         Stim
    149     0    17        0  1466.617000         Stim
    150     1    18        1   512.362057         Stim
    151     6    28        1   167.805508         Stim
    152     1    16        1   500.128589         Stim
    153     6    17        1   770.617000         Stim
    154     1    18        1   253.476516         Stim
    155     1    16        1   312.870619         Stim
    156     6    17        1   340.281647         Stim
