file version= 2.0
gentask.....= PsychoPy
id..........=
operator....=
doctor......=
referral....=
institution.=
subject.....= P12BFa
age.........=
sex.........=
hand........=
medications.=
class.......=
state.......=
label.......=
date........= 2015_Apr_20_1527
time........=
education...=
occupation..=
  Trial  Resp  Type  Correct      Latency    Stim/Resp
  ----- ----- -----    -----        -----        -----
      1     1    19        1   741.663930         Stim
      2     4    28        1   413.361136         Stim
      3     1    18        1   423.497177         Stim
      4     4    26        1   289.286025         Stim
      5     1    17        1   281.731159         Stim
      6     1    16        1   478.281422         Stim
      7     4    27        1   372.055993         Stim
      8     1    16        1   318.150151         Stim
      9     1    15        1   462.864099         Stim
     10     1    15        1   380.952309         Stim
     11     4    27        1   443.975125         Stim
     12     1    16        1   304.391530         Stim
     13     1    27        0   403.394135         Stim
     14     1    18        1  1305.481534         Stim
     15     1    18        1   626.528300         Stim
     16     4    28        1   632.565430         Stim
     17     4    26        1   407.161003         Stim
     18     4    25        1   366.527491         Stim
     19     4    27        1   551.907250         Stim
     20     4    26        1   385.856572         Stim
     21     4    27        1   400.031755         Stim
     22     1    18        1   575.019802         Stim
     23     4    28        1   512.399663         Stim
     24     4    26        1   395.896623         Stim
     25     4    27        1   405.950860         Stim
     26     4    18        0   448.563344         Stim
     27     4    26        1   632.333303         Stim
     28     4    27        1   721.743511         Stim
     29     1    16        1   312.880037         Stim
     30     1    15        1   521.494600         Stim
     31     4    27        1   475.507662         Stim
     32     4    28        1   540.471415         Stim
     33     1    16        1   360.538657         Stim
     34     1    17        1   444.613551         Stim
     35     4    26        1   361.234738         Stim
     36     4    27        1   495.879658         Stim
     37     4    26        1   395.818442         Stim
     38     1    17        1   492.865319         Stim
     39     4    16        0   423.100236         Stim
     40     1    17        1  1135.953166         Stim
     41     1    18        1   591.192068         Stim
     42     4    28        1   701.734649         Stim
     43     4    28        1   644.687083         Stim
     44     1    18        1   619.671930         Stim
     45     4    26        1   573.712763         Stim
     46     1    15        1   485.359052         Stim
     47     4    27        1   546.457834         Stim
     48     1    16        1   676.963698         Stim
     49     4    27        1   642.368523         Stim
     50     1    18        1   598.393157         Stim
     51     4    18        0   387.510142         Stim
     52     1    18        1   637.079393         Stim
     53     1    18        1   602.336007         Stim
     54     1    16        1   544.776191         Stim
     55     4    27        1   562.103059         Stim
     56     4    28        1   600.512190         Stim
     57     4    26        1   588.603648         Stim
     58     1    17        1   592.880049         Stim
     59     1    16        1   386.000558         Stim
     60     4    25        1   596.634239         Stim
     61     1    15        1   563.982417         Stim
     62     4    25        1   385.372394         Stim
     63     4    27        1   585.427212         Stim
     64     4    28        1   490.535892         Stim
     65     4    26        1   466.526525         Stim
     66     1    15        1   454.906255         Stim
     67     4    25        1   504.384164         Stim
     68     1    17        1   554.720251         Stim
     69     1    16        1   638.884797         Stim
     70     4    27        1   483.522557         Stim
     71     1    16        1   313.080470         Stim
     72     4    25        1   394.414809         Stim
     73     1    25        0   265.817584         Stim
     74     1    17        1   491.893341         Stim
     75     1    18        1   594.186183         Stim
     76     4    26        1   398.563827         Stim
     77     4    27        1   516.515477         Stim
     78     4    28        1   609.567283         Stim
     79     4    26        1   474.731589         Stim
     80     1    17        1   623.756049         Stim
     81     4    28        1   624.136690         Stim
     82     4    28        1   666.131576         Stim
     83     1    16        1   629.507322         Stim
     84     1    15        1   605.579456         Stim
     85     1    17        1   620.186596         Stim
     86     4    26        1   354.016443         Stim
     87     1    15        1   493.941136         Stim
     88     1    15        1   629.064196         Stim
     89     4    25        1   516.698100         Stim
     90     4    25        1   666.538478         Stim
     91     4    27        1   673.676178         Stim
     92     1    16        1   538.284163         Stim
     93     4    25        1   566.477262         Stim
     94     4    25        1   496.464656         Stim
     95     4    25        1   440.508302         Stim
     96     1    15        1   303.005404         Stim
     97     1    17        1   506.659861         Stim
     98     4    26        1   436.676837         Stim
     99     1    15        1   300.756271         Stim
    100     4    25        1   346.825013         Stim
    101     1    27        0   395.067423         Stim
    102     4    26        1  1377.086734         Stim
    103     4    25        1   550.145917         Stim
    104     1    17        1   620.140110         Stim
    105     1    16        1   462.149001         Stim
    106     4    25        1   453.067647         Stim
    107     4    25        1   564.179228         Stim
    108     1    15        1   580.889402         Stim
    109     4    27        1   606.979467         Stim
    110     4    26        1   700.519978         Stim
    111     1    15        1   544.811207         Stim
    112     4    27        1   392.353732         Stim
    113     1    16        1   623.858982         Stim
    114     4    27        1   738.799613         Stim
    115     4    26        1   702.136420         Stim
    116     1    17        1   710.349333         Stim
    117     1    16        1   656.937327         Stim
    118     1    17        1   810.500804         Stim
    119     1    16        1   668.458890         Stim
    120     4    25        1   668.494509         Stim
    121     4    25        1   623.889772         Stim
    122     1    17        1   618.571663         Stim
    123     4    28        1   984.219242         Stim
    124     4    28        1   665.619325         Stim
    125     1    16        1   618.611206         Stim
    126     4    25        1   562.571842         Stim
    127     4    25        1   659.687844         Stim
    128     1    15        1   628.803392         Stim
    129     1    17        1   670.742132         Stim
    130     1    16        1   619.735924         Stim
    131     4    27        1   604.097340         Stim
    132     4    26        1   648.467837         Stim
    133     1    15        1   459.918281         Stim
    134     1    17        1   801.003794         Stim
    135     1    16        1   629.999650         Stim
    136     1    17        1   736.507013         Stim
    137     1    18        1   600.915169         Stim
    138     4    28        1   530.841286         Stim
    139     4    28        1   651.589637         Stim
    140     1    18        1   620.223422         Stim
    141     1    18        1   670.547435         Stim
    142     1    18        1   599.597867         Stim
    143     1    16        1   545.910870         Stim
    144     4    27        1   621.087336         Stim
    145     4    26        1   579.694654         Stim
    146     1    17        1   715.036259         Stim
    147     4    26        1   606.078123         Stim
    148     1    15        1   429.181136         Stim
    149     1    15        1   558.236276         Stim
    150     1    17        1   832.223004         Stim
    151     4    28        1   609.651199         Stim
    152     4    28        1   697.239401         Stim
    153     1    18        1   666.156630         Stim
    154     1    16        1   605.792265         Stim
    155     1    17        1   547.222739         Stim
    156     1    18        1   596.124404         Stim
