file version= 2.0
gentask.....= PsychoPy
id..........=
operator....=
doctor......=
referral....=
institution.=
subject.....= P12C2BEH
age.........=
sex.........=
hand........=
medications.=
class.......=
state.......=
label.......=
date........= 2015_Apr_29_1524
time........=
education...=
occupation..=
  Trial  Resp  Type  Correct      Latency    Stim/Resp
  ----- ----- -----    -----        -----        -----
      1     6    24        1   942.288205         Stim
      2     6    25        1   841.719841         Stim
      3     6    25        1  1020.584749         Stim
      4     6    27        1   846.360293         Stim
      5     1    18        1   911.593101         Stim
      6     6    28        1   993.076899         Stim
      7     6    26        1   909.720474         Stim
      8     6    27        1   838.382805         Stim
      9     1    16        1   677.140255         Stim
      10    6    27        1   868.073503         Stim
      11    1    16        1   592.025394         Stim
      12    1    17        1  1016.763859         Stim
      13    1    16        1   870.303465         Stim
      14    1    15        1   714.297789         Stim
      15    1    15        1   819.011707         Stim
      16    1    15        1   821.188401         Stim
      17    6    27        1  1036.365974         Stim
      18    6    28        1   729.855694         Stim
      19    6    28        1  1069.123545         Stim
      20    6    26        1   921.753417         Stim
      21    1    17        1   898.525767         Stim
      22    1    16        1   993.756718         Stim
      23    6    27        1   904.555335         Stim
      24    6    18        0  1085.251601         Stim
      25    1    18        1  1373.925884         Stim
      26    6    28        1  1049.892222         Stim
      27    6    28        1   953.857127         Stim
      28    6    26        1   591.454657         Stim
      29    1    17        1   854.516109         Stim
      30    1    16        1   702.392401         Stim
      31    1    17        1   979.083512         Stim
      32    1    18        1   934.529910         Stim
      33    1    18        1   890.231953         Stim
      34    6    26        1   856.058973         Stim
      35    6    27        1   983.448044         Stim
      36    1    18        1   838.249384         Stim
      37    1    16        1   964.697469         Stim
      38    6    27        1   932.592600         Stim
      39    6    26        1   987.554489         Stim
      40    6    27        1   868.769132         Stim
      41    6    28        1   909.280282         Stim
      42    6    28        1   904.744297         Stim
      43    1    18        1   909.284592         Stim
      44    6    26        1  1164.157893         Stim
      45    1    15        1   710.914441         Stim
      46    1    15        1   730.972567         Stim
      47    6    27        1   795.676581         Stim
      48    1    16        1  1039.542722         Stim
      49    1    15        1   821.841016         Stim
      50    6    27        1  1017.387795         Stim
      51    6    26        1   923.011397         Stim
      52    6    27        1   768.595293         Stim
      53    6    26        1   809.864403         Stim
      54    1    17        1   909.923235         Stim
      55    1    18        1   925.154143         Stim
      56    6    26        1   936.175023         Stim
      57    6    27        1   777.756312         Stim
      58    1    18        1   911.451023         Stim
      59    6    26        1   866.469897         Stim
      60    6    25        1   973.171667         Stim
      61    6    25        1   727.656715         Stim
      62    1    15        1   861.341972         Stim
      63    1    17        1  1089.387326         Stim
      64    1    18        1   942.389025         Stim
      65    6    26        1   774.847933         Stim
      66    6    25        1   946.635833         Stim
      67    1    15        1   639.642530         Stim
      68    1    17        1   950.420819         Stim
      69    1    18        1   872.696577         Stim
      70    6    28        1   1052.77253         Stim
      71    1    18        1   818.505929         Stim
      72    1    16        1   884.158883         Stim
      73    1    15        1   743.680424         Stim
      74    6    27        1   750.433842         Stim
      75    6    26        1   694.339390         Stim
      76    6    25        1   873.986104         Stim
      77    6    27        1   766.420423         Stim
      78    1    16        1   873.939317         Stim
      79    6    27        1   828.735819         Stim
      80    1    18        1   848.263771         Stim
      81    1    18        1   909.363595         Stim
      82    1    18        1   931.132523         Stim
      83    1    18        1   878.569482         Stim
      84    1    16        1   999.697239         Stim
      85    1    15        1   756.802998         Stim
      86    1    15        1   748.251123         Stim
      87    6    25        1   924.260778         Stim
      88    6    25        1   880.962515         Stim
      89    6    27        1  1069.845791         Stim
      90    1    16        1   854.489847         Stim
      91    1    15        1   791.121276         Stim
      92    1    15        1   929.646688         Stim
      93    6    25        1   973.534346         Stim
      94    6    25        1  1195.827002         Stim
      95    6    27        1  1447.021756         Stim
      96    1    16        1   847.638326         Stim
      97    1    17        1   904.122226         Stim
      98    6    28        1   867.108624         Stim
      99    6    26        1   801.162809         Stim
      100   6    25        1  1066.133949         Stim
      101   6    25        1   928.455860         Stim
      102   6    27        1   979.267525         Stim
      103   1    16        1   858.201163         Stim
      104   1    15        1   900.126840         Stim
      105   1    17        1  1054.327398         Stim
      106   6    26        1   919.429879         Stim
      107   6    25        1   860.253480         Stim
      108   1    15        1   962.991673         Stim
      109   1    17        1   809.699706         Stim
      110   6    26        1   928.054802         Stim
      111   6    27        1   904.989462         Stim
      112   6    26        1   801.784631         Stim
      113   6    27        1   1097.59323         Stim
      114   1    18        1   818.631199         Stim
      115   1    18        1   969.443146         Stim
      116   1    16        1   815.639507         Stim
      117   1    17        1   822.899932         Stim
      118   6    26        1   882.859455         Stim
      119   6    27        1   826.033909         Stim
      120   6    28        1   876.829585         Stim
      121   6    28        1   672.298791         Stim
      122   1    16        1   879.804288         Stim
      123   6    27        1   877.452314         Stim
      124   6    26        1   998.349151         Stim
      125   6    25        1   728.820973         Stim
      126   6    25        1   891.128189         Stim
      127   1    15        1  1018.433831         Stim
      128   1    17        1   688.092207         Stim
      129   6    28        1   811.728061         Stim
      130   6    26        1   859.529027         Stim
      131   1    17        1   827.550650         Stim
      132   6    26        1  1085.251601         Stim
      133   1    15        1   695.004378         Stim
      134   1    17        1   793.256323         Stim
      135   1    18        1   717.449162         Stim
      136   1    16        1   882.093575         Stim
      137   1    17        1   848.062769         Stim
      138   6    28        1   909.878862         Stim
      139   6    26        1   987.554489         Stim
      140   6    27        1   907.214080         Stim
      141   6    28        1   871.122097         Stim
      142   1    18        1  1209.374069         Stim
      143   6    26        1  1164.157893         Stim
      144   6    25        1   727.656715         Stim
      145   1    15        1   936.152082         Stim
      146   1    17        1   987.672816         Stim
      147   1    16        1   786.155429         Stim
      148   6    27        1   942.210297         Stim
      149   6    28        1   852.929857         Stim
      150   1    18        1   770.049936         Stim
      151   1    16        1   830.549972         Stim
      152   1    15        1   845.891789         Stim
      153   1    17        1   942.431587         Stim
      154   1    16        1  1012.265605         Stim
      155   1    15        1   723.647468         Stim
      156   1    17        1   833.317687         Stim
