file version= 2.0
gentask.....= PsychoPy
id..........=
operator....=
doctor......=
referral....=
institution.=
subject.....= P122BEH
age.........=
sex.........=
hand........=
medications.=
class.......=
state.......=
label.......=
date........= 2015_Apr_22_1629
time........=
education...=
occupation..=
  Trial  Resp  Type  Correct      Latency    Stim/Resp
  ----- ----- -----    -----        -----        -----
      1     6    24        1   942.288205         Stim
      2     6    25        1   973.737043         Stim
      3     6    25        1   869.195050         Stim
      4     6    27        1   904.555335         Stim
      5     1    16        1   876.015179         Stim
      6     6    27        1   983.448044         Stim
      7     6    28        1   790.861982         Stim
      8     1    18        1   882.292268         Stim
      9     1    18        1  1045.705484         Stim
     10     1    16        1  1029.172544         Stim
     11     6    27        1   932.592600         Stim
     12     6    28        1   975.997943         Stim
     13     6    28        1   815.450243         Stim
     14     6    26        1   882.859455         Stim
     15     1    15        1   858.294739         Stim
     16     1    15        1   865.715258         Stim
     17     6    25        1   805.190469         Stim
     18     6    27        1   848.610302         Stim
     19     1    18        1   864.041770         Stim
     20     1    16        1   907.465224         Stim
     21     1    15        1   870.893593         Stim
     22     6    27        1   870.346630         Stim
     23     6    28        1   869.745937         Stim
     24     6    28        1   889.189671         Stim
     25     1    16        1   784.598476         Stim
     26     1    15        1   800.059526         Stim
     27     1    15        1   887.489318         Stim
     28     6    27        1   918.939062         Stim
     29     6    26        1   998.349151         Stim
     30     6    25        1   981.729277         Stim
     31     1    15        1   729.214894         Stim
     32     6    27        1   844.628221         Stim
     33     6    28        1   896.079226         Stim
     34     6    26        1   859.529027         Stim
     35     1    17        1   854.954705         Stim
     36     1    16        1   926.359883         Stim
     37     1    17        1   881.779717         Stim
     38     6    26        1  1085.251601         Stim
     39     6    27        1   960.586095         Stim
     40     6    28        1   888.088804         Stim
     41     6    26        1   987.554489         Stim
     42     6    27        1  1010.968833         Stim
     43     1    18        1   942.389025         Stim
     44     6    28        1   953.857127         Stim
     45     6    28        1   909.280282         Stim
     46     1    18        1   872.696577         Stim
     47     6    26        1  1164.157893         Stim
     48     1    17        1   875.544284         Stim
     49     6    26        1   923.011397         Stim
     50     1    17        1   830.427419         Stim
     51     6    26        1   809.864403         Stim
     52     6    27        1   893.300343         Stim
     53     6    28        1   904.744297         Stim
     54     1    16        1   856.159713         Stim
     55     1    17        1   731.570878         Stim
     56     1    16        1   926.972952         Stim
     57     6    25        1   874.465753         Stim
     58     6    25        1   757.895112         Stim
     59     1    17        1   801.350563         Stim
     60     6    28        1  1052.772530         Stim
     61     6    26        1   936.175023         Stim
     62     1    17        1   823.646532         Stim
     63     6    28        1   895.047483         Stim
     64     1    18        1   818.505929         Stim
     65     1    16        1   873.939317         Stim
     66     6    25        1   857.345704         Stim
     67     6    27        1   788.833814         Stim
     68     1    18        1   848.263771         Stim
     69     1    16        1   999.697239         Stim
     70     1    17        1   971.037246         Stim
     71     1    16        1   854.489847         Stim
     72     6    25        1  1145.923393         Stim
     73     1    15        1   861.341972         Stim
     74     1    17        1  1016.763859         Stim
     75     6    28        1   908.203261         Stim
     76     1    16        1   847.638326         Stim
     77     6    27        1   851.037523         Stim
     78     6    26        1   866.469897         Stim
     79     6    27        1   965.984785         Stim
     80     1    16        1   858.201163         Stim
     81     6    27        1   868.769132         Stim
     82     6    28        1   868.276202         Stim
     83     1    16        1   815.639507         Stim
     84     6    25        1   751.096114         Stim
     85     1    17        1   898.525767         Stim
     86     6    28        1   853.936848         Stim
     87     1    18        1   909.363595         Stim
     88     6    26        1   924.760953         Stim
     89     6    25        1  1040.199937         Stim
     90     1    15        1   639.642530         Stim
     91     6    25        1   819.096359         Stim
     92     1    17        1   854.516109         Stim
     93     1    18        1  1233.931541         Stim
     94     1    18        1  1066.244652         Stim
     95     1    16        1   996.782822         Stim
     96     6    25        1   904.237481         Stim
     97     1    15        1   743.680424         Stim
     98     1    17        1   979.083512         Stim
     99     1    16        1  1050.536684         Stim
    100     1    17        1   909.923235         Stim
    101     6    26        1   793.372516         Stim
    102     1    15        1   756.802998         Stim
    103     1    15        1   748.251123         Stim
    104     6    25        1   727.656715         Stim
    105     1    15        1   791.121276         Stim
    106     6    25        1   946.635833         Stim
    107     1    15        1  1005.854794         Stim
    108     1    17        1  1089.387326         Stim
    109     1    18        1  1020.793331         Stim
    110     6    26        1   848.197665         Stim
    111     6    27        1   795.676581         Stim
    112     1    16        1   711.126190         Stim
    113     1    15        1   962.526726         Stim
    114     6    25        1   873.986104         Stim
    115     6    27        1  1017.387795         Stim
    116     6    26        1   964.828979         Stim
    117     6    25        1   924.260778         Stim
    118     6    27        1   919.676495         Stim
    119     1    18        1   931.132523         Stim
    120     1    18        1   878.569482         Stim
    121     1    16        1   858.013107         Stim
    122     1    15        1   925.445260         Stim
    123     1    17        1   760.826433         Stim
    124     6    26        1   800.322442         Stim
    125     1    15        1   771.747874         Stim
    126     6    27        1   855.137630         Stim
    127     1    18        1   818.631199         Stim
    128     6    28        1   909.878862         Stim
    129     1    18        1   969.443146         Stim
    130     6    26        1   908.833234         Stim
    131     6    25        1   928.294476         Stim
    132     1    17        1   715.716510         Stim
    133     6    28        1   871.122097         Stim
    134     6    26        1   862.584108         Stim
    135     6    27        1   826.033909         Stim
    136     1    18        1   717.449162         Stim
    137     6    28        1   852.929857         Stim
    138     1    16        1   792.331416         Stim
    139     6    25        1   903.755417         Stim
    140     6    25        1   947.194870         Stim
    141     1    17        1   914.586604         Stim
    142     1    16        1  1010.050890         Stim
    143     6    27        1   877.452314         Stim
    144     1    16        1   872.908479         Stim
    145     1    17        1   876.346012         Stim
    146     1    16        1   927.767134         Stim
    147     6    27        1   907.214080         Stim
    148     6    26        1   834.597555         Stim
    149     1    17        1   930.082367         Stim
    150     1    18        1   765.471388         Stim
    151     1    18        1  1016.908146         Stim
    152     6    26        1  1012.328391         Stim
    153     1    15        1   991.746359         Stim
    154     1    17        1  1035.225959         Stim
    155     1    16        1   950.635723         Stim
    156     1    17        1   926.039010         Stim
