file version= 2.0
gentask.....= PsychoPy
id..........=
operator....=
doctor......=
referral....=
institution.=
subject.....= P13BFa
age.........=
sex.........=
hand........=
medications.=
class.......=
state.......=
label.......=
date........= 2015_Jun_26_1411
time........=
education...=
occupation..=
  Trial  Resp  Type  Correct      Latency    Stim/Resp
  ----- ----- -----    -----        -----        -----
      1     1    19        1   895.518996         Stim
      2     4    28        1   573.176095         Stim
      3     1    18        1   383.409033         Stim
      4     4    26        1   417.243637         Stim
      5     1    17        1   417.598015         Stim
      6     4    16        0   400.526616         Stim
      7     4    27        1   638.933957         Stim
      8     1    16        1   429.018087         Stim
      9     1    15        1   579.716685         Stim
     10     1    15        1   593.785836         Stim
     11     4    27        1   528.866828         Stim
     12     1    16        1   436.927589         Stim
     13     4    27        1   719.838894         Stim
     14     1    18        1   465.956362         Stim
     15     1    18        1   566.058359         Stim
     16     4    28        1   688.174023         Stim
     17     4    26        1   504.727801         Stim
     18     4    25        1   576.402319         Stim
     19     4    27        1   291.394331         Stim
     20     4    26        1   358.410626         Stim
     21     4    27        1   546.506921         Stim
     22     4    18        0   417.547907         Stim
     23     4    28        1   551.924913         Stim
     24     4    26        1   355.362496         Stim
     25     4    27        1   451.447711         Stim
     26     1    18        1   579.963904         Stim
     27     4    26        1   500.202394         Stim
     28     4    27        1   498.675612         Stim
     29     1    16        1   549.733447         Stim
     30     1    15        1   636.404112         Stim
     31     4    27        1   655.425795         Stim
     32     4    28        1   623.726814         Stim
     33     1    16        1   721.343640         Stim
     34     1    17        1   737.861135         Stim
     35     4    26        1   560.153173         Stim
     36     4    27        1   552.072520         Stim
     37     4    26        1   637.491393         Stim
     38     1    17        1   620.510853         Stim
     39     1    16        1   541.917219         Stim
     40     1    17        1   469.161155         Stim
     41     1    18        1   464.364682         Stim
     42     4    28        1   683.929642         Stim
     43     4    28        1   947.035650         Stim
     44     1    18        1   694.927722         Stim
     45     4    26        1   648.140529         Stim
     46     1    15        1   616.660997         Stim
     47     4    27        1   732.325118         Stim
     48     1    16        1   710.754875         Stim
     49     4    27        1   606.107247         Stim
     50     1    18        1   520.105492         Stim
     51     1    18        1   734.110589         Stim
     52     1    18        1   526.732715         Stim
     53     1    18        1   502.004467         Stim
     54     1    16        1   412.421205         Stim
     55     1    27        0   435.836384         Stim
     56     4    28        1   682.191562         Stim
     57     4    26        1   726.351110         Stim
     58     1    17        1   782.997485         Stim
     59     1    16        1   739.580198         Stim
     60     4    25        1   621.522972         Stim
     61     1    15        1   707.975698         Stim
     62     4    25        1   515.287588         Stim
     63     4    27        1   707.330031         Stim
     64     4    28        1   520.415799         Stim
     65     4    26        1   624.862090         Stim
     66     1    15        1   599.847382         Stim
     67     4    25        1   776.565864         Stim
     68     1    17        1   603.645621         Stim
     69     1    16        1   581.790126         Stim
     70     1    27        0   379.346671         Stim
     71     1    16        1   599.962993         Stim
     72     4    25        1   519.385569         Stim
     73     4    25        1   372.756275         Stim
     74     1    17        1   570.718695         Stim
     75     4    18        0   475.669748         Stim
     76     4    26        1   774.093673         Stim
     77     4    27        1   358.465261         Stim
     78     4    28        1   820.072801         Stim
     79     4    26        1   770.264947         Stim
     80     1    17        1   789.204827         Stim
     81     4    28        1   585.914066         Stim
     82     4    28        1   695.567051         Stim
     83     1    16        1   601.933501         Stim
     84     1    15        1   725.004837         Stim
     85     1    17        1   599.591409         Stim
     86     4    26        1   578.493569         Stim
     87     1    15        1   470.473317         Stim
     88     1    15        1   581.536266         Stim
     89     4    25        1   546.092173         Stim
     90     4    25        1   575.052425         Stim
     91     1    27        0   514.125748         Stim
     92     1    16        1   493.740286         Stim
     93     4    25        1   595.956776         Stim
     94     4    25        1   654.969089         Stim
     95     4    25        1   582.949550         Stim
     96     1    15        1   558.517422         Stim
     97     1    17        1   741.092793         Stim
     98     4    26        1   652.176026         Stim
     99     1    15        1   658.232139         Stim
    100     4    25        1   567.265778         Stim
    101     1    27        0   665.639958         Stim
    102     4    26        1   608.617472         Stim
    103     4    25        1   442.693016         Stim
    104     1    17        1   660.595360         Stim
    105     1    16        1   495.593071         Stim
    106     4    25        1   509.599436         Stim
    107     4    25        1   383.722962         Stim
    108     1    15        1   613.372591         Stim
    109     4    27        1   657.490180         Stim
    110     4    26        1   502.058197         Stim
    111     1    15        1   668.415815         Stim
    112     4    27        1   423.421096         Stim
    113     1    16        1   593.500583         Stim
    114     4    27        1   633.502080         Stim
    115     4    26        1   594.899378         Stim
    116     4    17        0   274.983390         Stim
    117     1    16        1   490.513760         Stim
    118     1    17        1   302.835835         Stim
    119     1    16        1   445.851926         Stim
    120     1    25        0   346.699867         Stim
    121     4    25        1   384.755910         Stim
    122     1    17        1   463.877488         Stim
    123     4    28        1   352.550718         Stim
    124     1    28        0   423.863615         Stim
    125     1    16        1   561.897894         Stim
    126     4    25        1   564.901953         Stim
    127     4    25        1   604.982536         Stim
    128     1    15        1   600.044795         Stim
    129     4    17        0   460.956439         Stim
    130     0    16        0  1467.291000         Stim
    131     4    27        1   587.470128         Stim
    132     4    26        1   617.822232         Stim
    133     4    15        0   336.599201         Stim
    134     1    17        1   604.608236         Stim
    135     1    16        1   592.128049         Stim
    136     1    17        1   668.070191         Stim
    137     1    18        1   544.548487         Stim
    138     4    28        1   776.427615         Stim
    139     4    28        1   777.886177         Stim
    140     1    18        1   557.866623         Stim
    141     1    18        1   757.182258         Stim
    142     1    18        1   506.213832         Stim
    143     1    16        1   578.600426         Stim
    144     4    27        1   603.673090         Stim
    145     4    26        1   709.272467         Stim
    146     1    17        1   649.878005         Stim
    147     4    26        1   400.408289         Stim
    148     1    15        1   513.905998         Stim
    149     1    15        1   605.834370         Stim
    150     1    17        1   670.866574         Stim
    151     4    28        1   697.043121         Stim
    152     4    28        1   632.631833         Stim
    153     1    18        1   658.435287         Stim
    154     1    16        1   498.536759         Stim
    155     1    17        1   537.099012         Stim
    156     1    18        1   447.914500         Stim
