           57.854715             0.51662                   1
           67.820673             0.51663                   1
           81.753013             0.51663                   1
           83.736207             0.51662                   1
           99.685044             0.51665                   1
          125.566568             0.51663                   1
          129.549622             0.51663                   1
          165.463739             0.51663                   1
          207.344100             0.51662                   1
          285.388539             0.51664                   1
          291.354784             0.51664                   1
          293.337977             0.51664                   1
          299.304223             0.51663                   1
          309.286856             0.51663                   1
          323.219191             0.51664                   1
          339.184736             0.51662                   1
          341.167925             0.51663                   1
