           14.007827             0.51662                   1
           23.957111             0.51663                   1
           29.940062             0.51659                   1
           61.837770             0.51663                   1
           79.769788             0.51666                   1
           89.702452             0.51663                   1
          111.634219             0.51663                   1
          113.617417             0.51663                   1
          123.583378             0.51659                   1
          145.515157             0.51662                   1
          179.429419             0.51662                   1
          185.412323             0.51662                   1
          189.395373             0.51662                   1
          191.378571             0.51663                   1
          195.361617             0.51662                   1
          219.326574             0.51663                   1
          225.309483             0.51662                   1
          259.207144             0.51657                   1
          273.172754             0.51663                   1
          295.321173             0.51663                   1
          313.269915             0.51665                   1
