            8.026196             0.51659                   1
           29.974634             0.51659                   1
           45.940167             0.51662                   1
           49.906549             0.51663                   1
           61.872366             0.51663                   1
          103.686064             0.51664                   1
          107.669172             0.51657                   1
          115.651875             0.51663                   1
          119.618254             0.51664                   1
          135.583804             0.51663                   1
          155.515716             0.51663                   1
          171.464584             0.51662                   1
          177.430829             0.51662                   1
          189.396645             0.51663                   1
          251.158925             0.51663                   1
          267.091117             0.51665                   1
          293.005948             0.51663                   1
          306.954959             0.51662                   1
          320.920637             0.51663                   1
          324.903690             0.51663                   1
          336.886173             0.51662                   1
