            8.024947             0.70288                   1
           15.991022             0.76066                   1
           17.974200             0.74543                   1
           31.923222             0.54815                   1
           43.905705             0.65347                   1
           47.872095             1.03103                   1
           69.803863             0.65887                   1
           77.786631             1.28394                   1
           85.719398             0.67104                   1
          103.668125             0.77802                   1
          107.651173             0.89089                   1
          121.583517             0.87028                   1
          157.480975             0.93218                   1
          167.446930             0.73406                   1
          233.292260             0.83159                   1
          255.240698             0.89073                   1
          257.223888             0.68355                   1
          275.155947             1.22315                   1
          289.371598             0.98326                   1
          305.287144             0.77943                   1
          321.236013             0.87827                   1
          333.201826             0.88026                   1
