            8.026196             1.05377                   1
           29.974634             0.74475                   1
           45.940167             0.91494                   1
           49.906549             0.68444                   1
           61.872366             0.92645                   1
          103.686064             0.77601                   1
          107.669172             0.84080                   1
          115.651875             0.77800                   1
          119.618254             0.76353                   1
          135.583804             1.01373                   1
          155.515716             0.80145                   1
          171.464584             0.72429                   1
          177.430829             0.70193                   1
          189.396645             1.08790                   1
          251.158925             0.70056                   1
          267.091117             0.66411                   1
          293.005948             0.93282                   1
          306.954959             0.70357                   1
          320.920637             0.94563                   1
          324.903690             0.99450                   1
          336.886173             0.91582                   1
