           14.007827             0.68788                   1
           23.957111             0.91444                   1
           29.940062             1.01935                   1
           61.837770             0.94509                   1
           79.769788             0.73275                   1
           89.702452             1.11991                   1
          111.634219             0.69175                   1
          113.617417             1.11654                   1
          123.583378             0.78239                   1
          145.515157             0.66621                   1
          179.429419             0.88737                   1
          185.412323             1.09637                   1
          189.395373             0.71323                   1
          191.378571             0.70603                   1
          195.361617             1.51664                   1
          219.326574             0.78952                   1
          225.309483             0.70248                   1
          259.207144             0.80425                   1
          273.172754             0.87037                   1
          295.321173             0.66560                   1
          313.269915             0.63653                   1
