           65.838753             0.51663                   1
           71.804992             0.51665                   1
           75.771378             0.51663                   1
           87.753866             0.51662                   1
           97.719825             0.51662                   1
          117.635072             0.51663                   1
          145.566423             0.51662                   1
          147.549582             0.51666                   1
          153.532534             0.51662                   1
          163.498483             0.51663                   1
          173.447775             0.51662                   1
          195.362887             0.51662                   1
          207.312042             0.51663                   1
          217.261321             0.51663                   1
          229.227142             0.51663                   1
          239.193111             0.51662                   1
          279.056957             0.51662                   1
          294.989139             0.51663                   1
