           31.957815             0.57753                   1
           47.923355             0.68370                   1
           63.855563             0.83921                   1
           69.821803             1.12885                   1
           89.737054             0.64525                   1
          101.702873             1.07920                   1
          123.601315             0.71641                   1
          167.481533             0.62741                   1
          183.413751             0.87089                   1
          191.379829             1.00868                   1
          197.346096             1.11434                   1
          203.328991             0.74733                   1
          209.295219             0.76499                   1
          215.278194             0.70993                   1
          231.227014             0.72084                   1
          255.141979             0.78144                   1
          263.124747             1.20651                   1
          265.107925             0.64734                   1
          283.039998             0.91496                   1
          300.972047             0.92657                   1
          312.937867             0.97655                   1
