           65.838753             0.85597                   1
           71.804992             0.96162                   1
           75.771378             1.03517                   1
           87.753866             0.90848                   1
           97.719825             0.87834                   1
          117.635072             0.80274                   1
          145.566423             0.81491                   1
          147.549582             0.71970                   1
          153.532534             0.96867                   1
          163.498483             0.96253                   1
          173.447775             0.70106                   1
          195.362887             1.11356                   1
          207.312042             0.72426                   1
          217.261321             0.65479                   1
          229.227142             0.90473                   1
          239.193111             1.01857                   1
          279.056957             1.11404                   1
          294.989139             0.67760                   1
