            8.024947             0.51660                   1
           15.991022             0.51662                   1
           17.974200             0.51663                   1
           31.923222             0.51662                   1
           43.905705             0.51662                   1
           47.872095             0.51663                   1
           69.803863             0.51663                   1
           77.786631             0.51664                   1
           85.719398             0.51663                   1
          103.668125             0.51662                   1
          107.651173             0.51663                   1
          121.583517             0.51662                   1
          157.480975             0.51663                   1
          167.446930             0.51663                   1
          233.292260             0.51661                   1
          255.240698             0.51662                   1
          257.223888             0.51663                   1
          275.155947             0.51663                   1
          289.371598             0.51663                   1
          305.287144             0.51663                   1
          321.236013             0.51662                   1
          333.201826             0.51662                   1
