           57.854715             0.96023                   1
           67.820673             1.01807                   1
           81.753013             0.75751                   1
           83.736207             0.87827                   1
           99.685044             0.91318                   1
          125.566568             0.55117                   1
          129.549622             1.07207                   1
          165.463739             0.81330                   1
          207.344100             0.66022                   1
          285.388539             1.11038                   1
          291.354784             0.96804                   1
          293.337977             0.75281                   1
          299.304223             0.83447                   1
          309.286856             0.93965                   1
          323.219191             0.95906                   1
          339.184736             1.05723                   1
          341.167925             0.92200                   1
