           31.957815             0.51664                   1
           47.923355             0.51663                   1
           63.855563             0.51662                   1
           69.821803             0.51663                   1
           89.737054             0.51663                   1
          101.702873             0.51662                   1
          123.601315             0.51663                   1
          167.481533             0.51663                   1
          183.413751             0.51661                   1
          191.379829             0.51663                   1
          197.346096             0.51661                   1
          203.328991             0.51662                   1
          209.295219             0.51663                   1
          215.278194             0.51657                   1
          231.227014             0.51663                   1
          255.141979             0.51661                   1
          263.124747             0.51662                   1
          265.107925             0.51664                   1
          283.039998             0.51662                   1
          300.972047             0.51663                   1
          312.937867             0.51663                   1
