file version= 2.0
gentask.....= PsychoPy
id..........=
operator....=
doctor......=
referral....=
institution.=
subject.....= P17C2BEH
age.........=
sex.........=
hand........=
medications.=
class.......=
state.......=
label.......=
date........= 2015_Jul_20_1128
time........=
education...=
occupation..=
  Trial  Resp  Type  Correct      Latency    Stim/Resp
  ----- ----- -----    -----        -----        -----
      1     0    24        0  1466.636000         Stim
      2     0    25        0  1466.636000         Stim
      3     6    25        1   651.594987         Stim
      4     6    27        1   607.054285         Stim
      5     1    16        1   618.459165         Stim
      6     6    27        1   549.909444         Stim
      7     6    28        1   597.338871         Stim
      8     1    18        1   664.777776         Stim
      9     1    18        1   572.189153         Stim
     10     1    16        1   627.659318         Stim
     11     6    27        1   603.086438         Stim
     12     6    28        1   622.495231         Stim
     13     6    28        1   629.925624         Stim
     14     6    26        1   657.335611         Stim
     15     1    15        1   720.790370         Stim
     16     1    15        1   768.198063         Stim
     17     6    25        1   563.667866         Stim
     18     6    27        1   679.063534         Stim
     19     1    18        1   518.524365         Stim
     20     1    16        1   601.929137         Stim
     21     1    15        1   693.377363         Stim
     22     6    27        1   660.799063         Stim
     23     6    28        1   572.168023         Stim
     24     6    28        1   615.654053         Stim
     25     1    16        1   551.078820         Stim
     26     1    15        1   614.552595         Stim
     27     1    15        1   533.970141         Stim
     28     6    27        1   845.392529         Stim
     29     6    26        1   628.804545         Stim
     30     6    25        1   564.244705         Stim
     31     1    15        1   639.689937         Stim
     32     6    27        1   619.119316         Stim
     33     6    28        1   638.563123         Stim
     34     6    26        1   602.000072         Stim
     35     1    17        1   789.409215         Stim
     36     1    16        1   668.834066         Stim
     37     1    17        1   536.303458         Stim
     38     6    26        1   515.723479         Stim
     39     6    27        1   639.147811         Stim
     40     6    28        1   630.589397         Stim
     41     6    26        1   593.989822         Stim
     42     6    27        1   553.433267         Stim
     43     1    18        1   716.885006         Stim
     44     6    28        1   496.301405         Stim
     45     6    28        1   723.724373         Stim
     46     1    18        1   751.157905         Stim
     47     6    26        1   946.604767         Stim
     48     1    17        1   674.038903         Stim
     49     6    26        1   673.446669         Stim
     50     1    17        1   756.880116         Stim
     51     6    26        1   632.314482         Stim
     52     1    27        0   683.770918         Stim
     53     6    28        1   695.209304         Stim
     54     1    16        1   862.641871         Stim
     55     1    17        1   945.999251         Stim
     56     1    16        1   637.491548         Stim
     57     6    25        1   592.933943         Stim
     58     6    25        1   628.339089         Stim
     59     1    17        1   751.806887         Stim
     60     1    28        0   667.155164         Stim
     61     6    26        1   590.670957         Stim
     62     1    17        1   670.092789         Stim
     63     6    28        1   709.522530         Stim
     64     1    18        1   664.977301         Stim
     65     1    16        1   704.386818         Stim
     66     6    25        1   567.828596         Stim
     67     6    27        1   619.254244         Stim
     68     1    18        1   678.659052         Stim
     69     1    16        1   614.116720         Stim
     70     1    17        1   857.527287         Stim
     71     1    16        1  1012.927423         Stim
     72     6    25        1   960.373150         Stim
     73     1    15        1   851.810811         Stim
     74     1    17        1   591.249306         Stim
     75     6    28        1   618.659897         Stim
     76     1    16        1   430.107640         Stim
     77     6    27        1   633.526720         Stim
     78     6    26        1   808.963198         Stim
     79     6    27        1   652.379802         Stim
     80     1    16        1   599.796250         Stim
     81     6    27        1   539.239272         Stim
     82     6    28        1   642.663483         Stim
     83     1    16        1   630.132090         Stim
     84     6    25        1   525.541523         Stim
     85     1    17        1   696.999590         Stim
     86     6    28        1   516.374876         Stim
     87     1    18        1   619.840743         Stim
     88     6    26        1   547.269144         Stim
     89     6    25        1   694.701891         Stim
     90     1    15        1   670.116334         Stim
     91     6    25        1   521.551037         Stim
     92     1    17        1   700.964116         Stim
     93     1    18        1   792.387590         Stim
     94     1    18        1   591.838219         Stim
     95     1    16        1   683.270749         Stim
     96     6    25        1   654.677199         Stim
     97     1    15        1   694.128674         Stim
     98     1    17        1   633.574413         Stim
     99     1    16        1   664.975791         Stim
    100     1    17        1   724.410483         Stim
    101     6    26        1   807.829441         Stim
    102     1    15        1   755.238342         Stim
    103     1    15        1   698.711393         Stim
    104     6    25        1   574.135797         Stim
    105     1    15        1   757.531211         Stim
    106     6    25        1  1280.947091         Stim
    107     1    15        1   591.018389         Stim
    108     1    17        1   690.506448         Stim
    109     1    18        1   829.941018         Stim
    110     6    26        1   857.383908         Stim
    111     6    27        1   644.828367         Stim
    112     1    16        1   744.237642         Stim
    113     1    15        1   667.668313         Stim
    114     6    25        1   683.087223         Stim
    115     6    27        1   594.530439         Stim
    116     6    26        1   869.948504         Stim
    117     6    25        1   645.355099         Stim
    118     6    27        1   688.842638         Stim
    119     1    18        1   700.254461         Stim
    120     1    18        1   727.711538         Stim
    121     1    16        1   731.122467         Stim
    122     1    15        1   606.589131         Stim
    123     1    17        1   649.972833         Stim
    124     6    26        1   729.419116         Stim
    125     1    15        1   708.846381         Stim
    126     6    27        1   616.277982         Stim
    127     1    18        1   603.719121         Stim
    128     6    28        1  1135.124423         Stim
    129     1    18        1   757.856306         Stim
    130     6    26        1   609.358625         Stim
    131     6    25        1   620.785540         Stim
    132     1    17        1   664.201541         Stim
    133     6    28        1   635.664739         Stim
    134     6    26        1   587.084953         Stim
    135     6    27        1   750.515865         Stim
    136     1    18        1   777.911062         Stim
    137     6    28        1   969.366231         Stim
    138     1    16        1   669.457391         Stim
    139     6    25        1   588.879464         Stim
    140     6    25        1   624.339849         Stim
    141     1    17        1   751.757081         Stim
    142     1    16        1   751.190505         Stim
    143     6    27        1   658.629652         Stim
    144     1    16        1   614.058161         Stim
    145     1    17        1   665.494374         Stim
    146     1    16        1   836.918935         Stim
    147     6    27        1   672.324081         Stim
    148     6    26        1  1183.766692         Stim
    149     1    17        1   918.486030         Stim
    150     1    18        1   869.903528         Stim
    151     1    18        1   705.398928         Stim
    152     6    26        1   788.856524         Stim
    153     1    15        1   552.276871         Stim
    154     1    17        1   603.714291         Stim
    155     1    16        1   463.163169         Stim
    156     1    17        1   470.571527         Stim
