file version= 2.0
gentask.....= PsychoPy
id..........=
operator....=
doctor......=
referral....=
institution.=
subject.....= P17C1BEH
age.........=
sex.........=
hand........=
medications.=
class.......=
state.......=
label.......=
date........= 2015_Jul_20_1009
time........=
education...=
occupation..=
  Trial  Resp  Type  Correct      Latency    Stim/Resp
  ----- ----- -----    -----        -----        -----
      1     0    24        0  1466.788000         Stim
      2     0    27        0  1466.788000         Stim
      3     0    16        0  1466.788000         Stim
      4     0    27        0  1466.788000         Stim
      5     6    28        1  1195.279032         Stim
      6     0    18        0  1466.788000         Stim
      7     1    18        1   982.110731         Stim
      8     1    16        1   773.590652         Stim
      9     6    27        1  1073.002644         Stim
     10     1    16        1   980.421567         Stim
     11     6    27        1  1147.811572         Stim
     12     0    18        0  1466.788000         Stim
     13     6    26        1   946.657289         Stim
     14     1    15        1   566.144261         Stim
     15     6    27        1   849.544505         Stim
     16     0    16        0  1466.788000         Stim
     17     6    27        1   964.443324         Stim
     18     1    16        1   643.879042         Stim
     19     1    17        1   795.290804         Stim
     20     1    18        1   982.677006         Stim
     21     1    16        1   794.170631         Stim
     22     6    25        1  1109.566903         Stim
     23     1    15        1   977.009430         Stim
     24     6    27        1   884.416278         Stim
     25     1    18        1  1279.857103         Stim
     26     6    28        1   747.272162         Stim
     27     6    28        1   838.727633         Stim
     28     6    26        1   866.139733         Stim
     29     1    17        1   889.569498         Stim
     30     6    26        1   725.021130         Stim
     31     0    25        0  1466.788000         Stim
     32     1    17        1  1035.863961         Stim
     33     6    26        1   691.325372         Stim
     34     1    17        1   746.738789         Stim
     35     6    28        1   838.188827         Stim
     36     1    16        1   621.616237         Stim
     37     6    25        1   761.017302         Stim
     38     1    17        1   736.463440         Stim
     39     6    26        1   803.888460         Stim
     40     6    25        1   883.324781         Stim
     41     6    25        1   910.762539         Stim
     42     1    15        1   686.191471         Stim
     43     1    27        0   829.617433         Stim
     44     6    28        1   813.061143         Stim
     45     1    16        1   748.490437         Stim
     46     6    25        1   767.934848         Stim
     47     1    15        1   675.375504         Stim
     48     6    25        1   706.776883         Stim
     49     6    27        1   738.224747         Stim
     50     6    26        1   733.647763         Stim
     51     1    17        1  1117.080003         Stim
     52     0    16        0  1466.788000         Stim
     53     1    17        1   667.952657         Stim
     54     6    26        1   599.340755         Stim
     55     6    25        1  1114.804038         Stim
     56     1    17        1  1038.219012         Stim
     57     1    16        1   909.656251         Stim
     58     1    15        1   601.131040         Stim
     59     1    15        1   604.517519         Stim
     60     1    15        1   595.973594         Stim
     61     1    17        1   647.403770         Stim
     62     6    26        1   630.830576         Stim
     63     6    27        1   706.266451         Stim
     64     1    16        1   637.688658         Stim
     65     6    27        1   809.111106         Stim
     66     6    28        1   960.546715         Stim
     67     1    18        1  1227.948492         Stim
     68     6    26        1  1211.399749         Stim
     69     6    27        1   678.857671         Stim
     70     1    16        1   742.265340         Stim
     71     1    15        1   689.708350         Stim
     72     6    27        1   781.120656         Stim
     73     0    18        0  1466.788000         Stim
     74     1    16        1   216.794451         Stim
     75     1    15        1   719.420866         Stim
     76     6    25        1   670.840477         Stim
     77     1    17        1   722.289066         Stim
     78     1    16        1   613.711936         Stim
     79     1    15        1   681.141484         Stim
     80     6    27        1   720.588129         Stim
     81     1    18        1  1091.997295         Stim
     82     6    26        1   743.436527         Stim
     83     1    15        1   698.868356         Stim
     84     6    25        1   646.310159         Stim
     85     6    27        1   673.772065         Stim
     86     6    28        1   613.144152         Stim
     87     6    26        1   728.570307         Stim
     88     1    15        1   676.002451         Stim
     89     6    25        1   763.400123         Stim
     90     6    27        1   746.886395         Stim
     91     1    16        1   670.288088         Stim
     92     1    15        1   673.727693         Stim
     93     1    17        1   677.181486         Stim
     94     1    18        1   616.606397         Stim
     95     1    18        1   655.976975         Stim
     96     1    18        1   691.446717         Stim
     97     6    26        1   758.873548         Stim
     98     1    17        1   670.334271         Stim
     99     6    28        1   717.766415         Stim
    100     6    28        1   649.171114         Stim
    101     6    28        1   632.617239         Stim
    102     6    26        1   612.042996         Stim
    103     6    27        1   659.480573         Stim
    104     6    28        1   670.887868         Stim
    105     1    18        1   702.329997         Stim
    106     6    28        1   745.752034         Stim
    107     6    28        1   933.182005         Stim
    108     6    28        1   904.628903         Stim
    109     6    26        1   964.022240         Stim
    110     1    15        1   999.467231         Stim
    111     6    25        1  1054.869177         Stim
    112     1    17        1  1014.312924         Stim
    113     0    18        0  1466.788000         Stim
    114     6    26        1  1098.465384         Stim
    115     6    25        1  1101.933061         Stim
    116     6    25        1   873.407126         Stim
    117     6    27        1   728.826278         Stim
    118     6    26        1   692.255379         Stim
    119     1    17        1   751.694296         Stim
    120     6    26        1   675.128891         Stim
    121     1    15        1   670.588732         Stim
    122     1    17        1   746.038190         Stim
    123     1    16        1   733.403866         Stim
    124     1    15        1   612.819360         Stim
    125     1    17        1   648.283065         Stim
    126     1    18        1   707.699041         Stim
    127     6    26        1   931.169255         Stim
    128     1    15        1   662.553428         Stim
    129     6    25        1   645.991101         Stim
    130     1    17        1   905.392891         Stim
    131     6    28        1   684.876301         Stim
    132     6    28        1   912.292628         Stim
    133     1    16        1   755.683876         Stim
    134     6    17        0   667.139166         Stim
    135     6    26        1   750.611553         Stim
    136     1    17        1   690.010505         Stim
    137     1    16        1   769.438676         Stim
    138     1    15        1   724.878655         Stim
    139     6    25        1  1024.268612         Stim
    140     1    17        1   787.720352         Stim
    141     1    18        1   771.157422         Stim
    142     1    18        1   694.576018         Stim
    143     6    28        1   705.998406         Stim
    144     1    16        1   609.436502         Stim
    145     6    25        1   652.899290         Stim
    146     6    25        1   668.328162         Stim
    147     1    17        1   803.749306         Stim
    148     1    16        1   755.159861         Stim
    149     1    15        1  1046.602050         Stim
    150     1    17        1  1026.024486         Stim
    151     6    28        1   813.452645         Stim
    152     6    28        1   656.906679         Stim
    153     6    28        1   680.333728         Stim
    154     6    28        1   643.748038         Stim
    155     1    18        1   791.223950         Stim
    156     6    26        1   738.653075         Stim
