            8.023177             0.51661                   1
           15.989125             0.51663                   1
           17.972293             0.51662                   1
           31.921055             0.51662                   1
           39.903687             0.51661                   1
           43.886663             0.51662                   1
           47.852965             0.51662                   1
           69.801033             0.51662                   1
           77.783682             0.51661                   1
           85.716289             0.51662                   1
          103.664705             0.51661                   1
          107.647684             0.51661                   1
          115.596977             0.51662                   1
          121.579782             0.51661                   1
          157.476603             0.51661                   1
          233.286547             0.51663                   1
          255.234613             0.51662                   1
          257.217786             0.51662                   1
          275.149515             0.51662                   1
          289.081616             0.51662                   1
          304.996866             0.51663                   1
          320.945462             0.51662                   1
          332.911067             0.51660                   1
