           45.869808             1.34447                   1
           57.835431             1.05846                   1
           67.817878             1.14763                   1
           81.749973             0.58309                   1
           83.733132             1.06383                   1
           99.681723             1.36268                   1
          125.546086             0.75340                   1
          129.529068             1.15428                   1
          137.511709             1.25135                   1
          149.493979             0.70869                   1
          165.459229             0.74288                   1
          207.338855             0.81376                   1
          235.269702             0.72992                   1
          267.183557             0.63100                   1
          281.115657             0.60244                   1
          285.098637             0.68331                   1
          291.064771             0.82095                   1
          293.047927             0.68574                   1
          299.014056             0.59141                   1
          308.979847             1.36124                   1
          314.945979             1.21085                   1
          338.893851             0.71819                   1
          340.877026             0.56694                   1
