           23.955099             0.51661                   1
           29.937903             0.51664                   1
           61.818409             0.51660                   1
           79.766816             0.51662                   1
           89.699271             0.51662                   1
          123.562939             0.51662                   1
          145.510995             0.49995                   1
          179.424662             0.51662                   1
          185.407462             0.51662                   1
          189.390442             0.51662                   1
          191.373592             0.51662                   1
          195.356581             0.51661                   1
          219.321129             0.51661                   1
          225.303931             0.51660                   1
          241.252500             0.51663                   1
          251.251633             0.51661                   1
          259.200927             0.51662                   1
          273.166384             0.51660                   1
          279.132497             0.51662                   1
          312.962826             0.51661                   1
