           45.869808             0.51662                   1
           57.835431             0.51660                   1
           67.817878             0.51662                   1
           81.749973             0.51661                   1
           83.733132             0.51663                   1
           99.681723             0.51661                   1
          125.546086             0.51662                   1
          129.529068             0.51662                   1
          137.511709             0.51660                   1
          149.493979             0.51662                   1
          165.459229             0.51661                   1
          207.338855             0.51662                   1
          235.269702             0.51662                   1
          267.183557             0.51661                   1
          281.115657             0.51661                   1
          285.098637             0.51662                   1
          291.064771             0.51662                   1
          293.047927             0.51662                   1
          299.014056             0.51663                   1
          308.979847             0.51661                   1
          314.945979             0.51662                   1
          338.893851             0.51664                   1
          340.877026             0.51662                   1
