           23.955099             0.65995                   1
           29.937903             0.98896                   1
           61.818409             0.93930                   1
           79.766816             0.58232                   1
           89.699271             0.75346                   1
          123.562939             0.85660                   1
          145.510995             1.09180                   1
          179.424662             0.64095                   1
          185.407462             0.87392                   1
          189.390442             0.68284                   1
          191.373592             0.79561                   1
          195.356581             0.61250                   1
          219.321129             0.72711                   1
          225.303931             0.56013                   1
          241.252500             0.64297                   1
          251.251633             0.69150                   1
          259.200927             0.50193                   1
          273.166384             0.56798                   1
          279.132497             0.65763                   1
          312.962826             0.84213                   1
