            8.023177             0.93645                   1
           15.989125             0.73821                   1
           17.972293             0.56297                   1
           31.921055             0.65376                   1
           39.903687             0.62282                   1
           43.886663             1.25567                   1
           47.852965             0.80126                   1
           69.801033             1.25243                   1
           77.783682             0.82949                   1
           85.716289             0.97659                   1
          103.664705             1.11559                   1
          107.647684             0.96442                   1
          115.596977             0.68687                   1
          121.579782             0.72788                   1
          157.476603             0.58980                   1
          233.286547             0.56920                   1
          255.234613             0.63639                   1
          257.217786             0.69313                   1
          275.149515             0.68873                   1
          289.081616             0.82017                   1
          304.996866             0.69635                   1
          320.945462             0.72323                   1
          332.911067             0.64519                   1
