           20.525600             0.72975                   1
           30.493690             0.74534                   1
           62.613415             0.77660                   1
           64.594593             1.04339                   1
           85.170522             1.21876                   1
           93.157547             0.89549                   1
          116.026632             0.71374                   1
          122.001735             0.63444                   1
          138.240592             0.66712                   1
          160.189237             0.68578                   1
          164.167149             0.70771                   1
          205.896195             0.70542                   1
          266.890837             0.71690                   1
          277.420660             0.87466                   1
          285.392053             0.89505                   1
          295.812628             0.89020                   1
          299.790532             0.88815                   1
          325.732767             0.76908                   1
          335.700930             0.64865                   1
          351.737384             0.67573                   1
          363.717967             0.61479                   1
          381.579511             0.65667                   1
          403.855869             1.09965                   1
          405.836965             0.87046                   1
