            8.030371             1.18537                   1
           26.515829             0.80333                   1
           37.310802             0.95998                   1
           56.623195             0.73500                   1
          106.042835             0.78584                   1
          129.162338             0.72164                   1
          142.218422             0.86512                   1
          170.407069             0.85166                   1
          180.375158             0.78725                   1
          199.937241             0.91257                   1
          225.738969             0.97397                   1
          234.849123             0.82359                   1
          258.903916             1.06404                   1
          283.410892             0.69229                   1
          347.743852             0.69339                   1
          367.695994             0.63662                   1
          373.608938             0.83548                   1
