           10.015682             0.51491                   1
           29.000541             0.51475                   1
           56.722222             0.51402                   1
           68.701652             0.51478                   1
           77.499906             0.51472                   1
          119.400559             0.51472                   1
          123.362860             0.51471                   1
          139.570890             0.51481                   1
          147.557931             0.51469                   1
          166.651841             0.51475                   1
          172.642189             0.51472                   1
          174.623296             0.51477                   1
          232.981567             0.51476                   1
          253.495198             0.51472                   1
          278.111352             0.51477                   1
          313.725371             0.51478                   1
          337.951699             0.51465                   1
          359.245245             0.51476                   1
          378.151992             0.51546                   1
          382.145507             0.51477                   1
          390.132509             0.51479                   1
