           37.705190             0.63758                   1
           95.470643             0.67031                   1
          105.454377             0.68630                   1
          115.422651             0.66170                   1
          156.683743             0.63135                   1
          160.677249             0.61374                   1
          182.797562             0.66875                   1
          193.077746             0.78025                   1
          222.997804             0.63524                   1
          244.634537             0.65385                   1
          248.612428             0.71580                   1
          265.491204             0.58850                   1
          271.465938             0.57362                   1
          276.114701             0.62871                   1
          284.086065             0.61710                   1
          292.073059             0.68585                   1
          301.760544             0.66207                   1
          317.718891             0.59921                   1
          325.955551             0.73829                   1
          339.932860             0.65658                   1
          363.223420             0.58931                   1
          372.177349             0.57910                   1
