           26.332538             0.51474                   1
           30.326083             0.51473                   1
           46.268874             0.51477                   1
           54.240378             0.51477                   1
           78.201382             0.51478                   1
          100.712120             0.51548                   1
          104.081280             0.51467                   1
          108.043477             0.51483                   1
          114.033760             0.51480                   1
          141.910439             0.51469                   1
          173.842865             0.51477                   1
          193.779232             0.51476                   1
          205.728607             0.51472                   1
          215.681132             0.51477                   1
          219.674693             0.51476                   1
          235.633061             0.51480                   1
          259.562976             0.51481                   1
          275.521427             0.51474                   1
          297.454504             0.51479                   1
          313.412984             0.51479                   1
          323.521536             0.51480                   1
          329.496217             0.51473                   1
