            8.019116             0.51493                   1
           19.032402             0.51468                   1
           27.019367             0.51477                   1
           47.673294             0.51484                   1
           83.490127             0.51475                   1
          109.447920             0.51482                   1
          121.381710             0.51477                   1
          129.602748             0.51474                   1
          135.577309             0.51481                   1
          149.539032             0.51479                   1
          195.058797             0.51482                   1
          221.016716             0.51469                   1
          236.959522             0.51472                   1
          242.653425             0.51475                   1
          305.738959             0.52975                   1
          319.700076             0.51475                   1
          365.219817             0.51483                   1
          392.113666             0.51480                   1
