           11.715812             0.65978                   1
           16.052408             0.55508                   1
           38.297437             0.81335                   1
           52.259137             0.57124                   1
           64.224078             0.63790                   1
           76.220223             0.76137                   1
           98.730519             0.65042                   1
          118.012096             0.64025                   1
          120.741680             0.63057                   1
          124.720041             0.70808                   1
          126.716312             0.67975                   1
          135.530176             1.06558                   1
          139.523639             0.64001                   1
          155.872066             0.68309                   1
          165.855859             0.64302                   1
          175.823956             0.70657                   1
          199.753919             0.69587                   1
          221.655763             0.59336                   1
          229.642774             0.76610                   1
          243.604470             0.65198                   1
          271.527885             0.87168                   1
          309.435063             0.72331                   1
          315.394112             0.74807                   1
          319.528105             0.75797                   1
