           13.994532             0.71694                   1
           15.975601             0.67181                   1
           51.870464             0.57584                   1
           67.828909             0.96886                   1
           75.815902             0.71765                   1
           83.787336             0.65795                   1
           87.749686             0.69547                   1
           91.727559             0.69354                   1
          105.673672             0.84293                   1
          107.654777             0.83778                   1
          173.469735             0.70080                   1
          179.444388             0.63796                   1
          199.411984             0.71776                   1
          207.383416             0.77007                   1
          213.373684             0.80363                   1
          225.338603             0.67832                   1
          229.301011             0.50786                   1
          237.287893             0.77667                   1
          245.243754             0.63661                   1
          255.211913             0.67613                   1
          301.106122             0.71649                   1
          327.001541             0.65228                   1
          340.947629             0.75373                   1
