           10.026969             0.51481                   1
           47.278953             0.51477                   1
           74.578323             0.51479                   1
           76.559456             0.51484                   1
           97.135436             0.51475                   1
          104.061749             0.51466                   1
          127.180450             0.51469                   1
          131.158298             0.51477                   1
          148.208668             0.51482                   1
          178.394026             0.51478                   1
          191.029768             0.51469                   1
          193.010943             0.51468                   1
          203.915100             0.51474                   1
          213.774095             0.51476                   1
          221.761032             0.51484                   1
          232.868115             0.51468                   1
          238.842668             0.51479                   1
          268.872010             0.51477                   1
          293.831538             0.51476                   1
          307.777595             0.51476                   1
          309.758738             0.51474                   1
          319.742479             0.51480                   1
          343.766026             0.51470                   1
          389.894213             0.51469                   1
