            8.019923             0.51494                   1
           10.016548             0.51481                   1
           41.917841             0.51483                   1
           47.908136             0.51477                   1
           57.860691             0.51482                   1
           85.768582             0.51471                   1
           93.708720             0.51479                   1
           95.689871             0.51474                   1
          117.622968             0.51476                   1
          139.571703             0.51476                   1
          165.499037             0.52975                   1
          203.405508             0.51475                   1
          217.351587             0.51476                   1
          227.319760             0.51480                   1
          241.265887             0.51470                   1
          267.208086             0.51486                   1
          273.182753             0.51474                   1
          285.147649             0.51488                   1
          295.131439             0.51475                   1
          309.077549             0.51478                   1
          319.045682             0.51477                   1
          330.995063             0.51476                   1
          338.966471             0.51482                   1
