           26.332538             0.53065                   1
           30.326083             0.71298                   1
           46.268874             0.74568                   1
           54.240378             0.68595                   1
           78.201382             0.62017                   1
          100.712120             0.66077                   1
          104.081280             0.59550                   1
          108.043477             0.62517                   1
          114.033760             0.82668                   1
          141.910439             0.62113                   1
          173.842865             0.87973                   1
          193.779232             0.76673                   1
          205.728607             0.94497                   1
          215.681132             0.68816                   1
          219.674693             0.63047                   1
          235.633061             0.87162                   1
          259.562976             0.75694                   1
          275.521427             0.70202                   1
          297.454504             0.79221                   1
          313.412984             0.94528                   1
          323.521536             1.10838                   1
          329.496217             0.67754                   1
