           11.715812             0.51494                   1
           16.052408             0.51468                   1
           38.297437             0.51535                   1
           52.259137             0.51480                   1
           64.224078             0.51477                   1
           76.220223             0.51482                   1
           98.730519             0.51478                   1
          118.012096             0.53001                   1
          120.741680             0.51473                   1
          124.720041             0.52992                   1
          126.716312             0.51478                   1
          135.530176             0.51469                   1
          139.523639             0.51477                   1
          155.872066             0.51474                   1
          165.855859             0.51473                   1
          175.823956             0.51488                   1
          199.753919             0.51473                   1
          221.655763             0.51484                   1
          229.642774             0.51485                   1
          243.604470             0.51478                   1
          271.527885             0.51535                   1
          309.435063             0.51476                   1
          315.394112             0.51479                   1
          319.528105             0.51476                   1
