           20.525600             0.51473                   1
           30.493690             0.51478                   1
           62.613415             0.51476                   1
           64.594593             0.51480                   1
           85.170522             0.51478                   1
           93.157547             0.51477                   1
          116.026632             0.51477                   1
          122.001735             0.51534                   1
          138.240592             0.51483                   1
          160.189237             0.51478                   1
          164.167149             0.51475                   1
          205.896195             0.51482                   1
          266.890837             0.51485                   1
          277.420660             0.51477                   1
          285.392053             0.51478                   1
          295.812628             0.51475                   1
          299.790532             0.51477                   1
          325.732767             0.51476                   1
          335.700930             0.51472                   1
          351.737384             0.51483                   1
          363.717967             0.51476                   1
          381.579511             0.51472                   1
          403.855869             0.51478                   1
          405.836965             0.51479                   1
