           13.712416             0.47910                   1
           20.343217             0.60016                   1
           44.287763             0.69486                   1
           83.333730             0.63168                   1
           89.323919             0.77727                   1
           93.301835             0.61526                   1
           96.749425             0.67158                   1
          106.062359             0.63833                   1
          131.552255             0.67564                   1
          143.892287             0.65523                   1
          153.890854             0.70435                   1
          183.811044             0.75929                   1
          185.792233             0.70598                   1
          197.757121             0.63673                   1
          209.722071             0.83942                   1
          249.594800             0.74945                   1
          257.581815             0.83418                   1
          265.553220             0.63854                   1
          277.502579             0.63280                   1
          283.492841             0.60236                   1
          293.476682             0.66620                   1
          305.441595             0.78894                   1
          333.489735             0.77188                   1
          357.450819             0.71413                   1
