           25.959364             0.51481                   1
           29.952960             0.51478                   1
           31.934058             0.51484                   1
           49.889268             0.51481                   1
           59.841828             0.51482                   1
           81.790541             0.51486                   1
           89.730794             0.51478                   1
          111.648322             0.51480                   1
          125.610010             0.51471                   1
          129.603493             0.51481                   1
          135.578145             0.51483                   1
          151.552201             0.51482                   1
          153.533420             0.51478                   1
          157.526889             0.51478                   1
          167.495090             0.51475                   1
          187.431461             0.51477                   1
          239.284684             0.51477                   1
          251.234027             0.51475                   1
          275.164302             0.51538                   1
          305.099685             0.51474                   1
          313.071075             0.51476                   1
          323.039261             0.51478                   1
          336.969674             0.51481                   1
