           37.705190             0.51470                   1
           95.470643             0.51480                   1
          105.454377             0.51481                   1
          115.422651             0.51471                   1
          156.683743             0.51471                   1
          160.677249             0.51474                   1
          182.797562             0.51473                   1
          193.077746             0.51472                   1
          222.997804             0.51477                   1
          244.634537             0.51479                   1
          248.612428             0.51477                   1
          265.491204             0.51484                   1
          271.465938             0.51477                   1
          276.114701             0.51466                   1
          284.086065             0.51478                   1
          292.073059             0.51480                   1
          301.760544             0.51470                   1
          317.718891             0.51484                   1
          325.955551             0.51469                   1
          339.932860             0.51477                   1
          363.223420             0.51540                   1
          372.177349             0.51473                   1
