            8.019923             0.74775                   1
           10.016548             0.49503                   1
           41.917841             0.65672                   1
           47.908136             0.64230                   1
           57.860691             1.01739                   1
           85.768582             0.63667                   1
           93.708720             0.80829                   1
           95.689871             0.73909                   1
          117.622968             0.67732                   1
          139.571703             0.63985                   1
          165.499037             0.80775                   1
          203.405508             0.61209                   1
          217.351587             0.60168                   1
          227.319760             0.61715                   1
          241.265887             0.55858                   1
          267.208086             0.68761                   1
          273.182753             0.74476                   1
          285.147649             0.65149                   1
          295.131439             0.73936                   1
          309.077549             0.64882                   1
          319.045682             0.80834                   1
          330.995063             0.58660                   1
          338.966471             0.57497                   1
