           10.026969             0.54868                   1
           47.278953             0.58355                   1
           74.578323             0.89135                   1
           76.559456             0.75013                   1
           97.135436             0.96547                   1
          104.061749             0.74299                   1
          127.180450             0.72759                   1
          131.158298             0.79761                   1
          148.208668             0.89072                   1
          178.394026             0.79243                   1
          191.029768             0.58830                   1
          193.010943             0.54302                   1
          203.915100             0.65451                   1
          213.774095             0.76322                   1
          221.761032             0.80006                   1
          232.868115             0.65265                   1
          238.842668             0.81388                   1
          268.872010             0.77568                   1
          293.831538             0.64730                   1
          307.777595             0.63681                   1
          309.758738             0.61561                   1
          319.742479             0.63959                   1
          343.766026             0.75930                   1
          389.894213             0.91769                   1
