           10.015682             0.54413                   1
           29.000541             0.71054                   1
           56.722222             0.81196                   1
           68.701652             0.63219                   1
           77.499906             0.68960                   1
          119.400559             0.69164                   1
          123.362860             0.56129                   1
          139.570890             0.65675                   1
          147.557931             0.70942                   1
          166.651841             0.55094                   1
          172.642189             0.65645                   1
          174.623296             0.92325                   1
          232.981567             0.62719                   1
          253.495198             0.89688                   1
          278.111352             0.70401                   1
          313.725371             0.69684                   1
          337.951699             1.03782                   1
          359.245245             0.56764                   1
          378.151992             0.60429                   1
          382.145507             0.62665                   1
          390.132509             0.77539                   1
