           13.994532             0.51471                   1
           15.975601             0.51481                   1
           51.870464             0.51480                   1
           67.828909             0.51475                   1
           75.815902             0.51473                   1
           83.787336             0.51483                   1
           87.749686             0.51470                   1
           91.727559             0.51477                   1
          105.673672             0.51475                   1
          107.654777             0.51475                   1
          173.469735             0.51478                   1
          179.444388             0.51484                   1
          199.411984             0.51477                   1
          207.383416             0.51479                   1
          213.373684             0.51476                   1
          225.338603             0.51477                   1
          229.301011             0.51546                   1
          237.287893             0.51480                   1
          245.243754             0.51476                   1
          255.211913             0.51482                   1
          301.106122             0.51475                   1
          327.001541             0.51476                   1
          340.947629             0.51471                   1
