           13.712416             0.51476                   1
           20.343217             0.51488                   1
           44.287763             0.51473                   1
           83.333730             0.51470                   1
           89.323919             0.51478                   1
           93.301835             0.51481                   1
           96.749425             0.51467                   1
          106.062359             0.51480                   1
          131.552255             0.51477                   1
          143.892287             0.52961                   1
          153.890854             0.51484                   1
          183.811044             0.51479                   1
          185.792233             0.51467                   1
          197.757121             0.51479                   1
          209.722071             0.51476                   1
          249.594800             0.51478                   1
          257.581815             0.51474                   1
          265.553220             0.51481                   1
          277.502579             0.51480                   1
          283.492841             0.51478                   1
          293.476682             0.51472                   1
          305.441595             0.51470                   1
          333.489735             0.51480                   1
          357.450819             0.51477                   1
