            8.030371             0.51489                   1
           26.515829             0.51473                   1
           37.310802             0.51472                   1
           56.623195             0.51467                   1
          106.042835             0.51479                   1
          129.162338             0.52955                   1
          142.218422             0.51478                   1
          170.407069             0.51473                   1
          180.375158             0.51478                   1
          199.937241             0.51465                   1
          225.738969             0.51474                   1
          234.849123             0.51484                   1
          258.903916             0.51480                   1
          283.410892             0.51481                   1
          347.743852             0.51482                   1
          367.695994             0.51509                   1
          373.608938             0.51481                   1
