            8.019116             0.62859                   1
           19.032402             0.72698                   1
           27.019367             0.59575                   1
           47.673294             0.70914                   1
           83.490127             0.96322                   1
          109.447920             0.65261                   1
          121.381710             0.79841                   1
          129.602748             0.94518                   1
          135.577309             0.83437                   1
          149.539032             0.76832                   1
          195.058797             0.67914                   1
          221.016716             0.81640                   1
          236.959522             0.57719                   1
          242.653425             0.61101                   1
          305.738959             0.71557                   1
          319.700076             0.78598                   1
          365.219817             0.71286                   1
          392.113666             0.82616                   1
