           25.959364             0.70371                   1
           29.952960             0.70204                   1
           31.934058             0.58489                   1
           49.889268             0.66909                   1
           59.841828             0.70023                   1
           81.790541             0.61485                   1
           89.730794             0.59432                   1
          111.648322             0.69213                   1
          125.610010             0.70600                   1
          129.603493             0.65639                   1
          135.578145             0.62552                   1
          151.552201             0.63502                   1
          153.533420             0.66972                   1
          157.526889             0.54815                   1
          167.495090             0.59564                   1
          187.431461             0.74664                   1
          239.284684             0.61183                   1
          251.234027             0.67012                   1
          275.164302             0.62714                   1
          305.099685             0.73884                   1
          313.071075             0.61518                   1
          323.039261             0.58271                   1
          336.969674             0.63580                   1
