          263.305708            0.520010    1
          289.245141            0.509970    1
           71.863423            0.519940    1
          131.692011            0.520020    1
          165.596253            0.519940    1
          183.565826            0.504960    1
          185.550829            0.520010    1
          207.500316            0.509990    1
          209.485216            0.510040    1
          215.460175            0.519960    1
          253.389325            0.504950    1
          273.328867            0.519930    1
          309.207989            0.520030    1
          319.187728            0.510030    1
          321.126897            0.520020    1
          325.126864            0.504920    1
