            8.024833             0.58288                   1
           19.989598             0.71376                   1
           25.974473             0.54466                   1
           27.959403             0.60766                   1
           49.928880             0.63755                   1
           61.893603             0.75243                   1
           71.858405             0.78734                   1
           81.838163             0.87926                   1
          119.732340             0.72793                   1
          131.682092             0.58577                   1
          147.646728             0.58065                   1
          155.626513             0.60062                   1
          165.591279             0.89954                   1
          183.550982             0.83527                   1
          185.550856             0.81933                   1
          215.450208             0.84706                   1
          253.369202             0.86286                   1
          273.328880             0.74256                   1
          289.263492             0.69555                   1
          309.198048             0.73633                   1
          319.177878             0.66024                   1
          325.132689             0.75324                   1
