           20.008742             0.50499                   1
           31.988485             0.50496                   1
           35.973384             0.50497                   1
           47.938044             0.52005                   1
           59.912866             0.50993                   1
           63.882750             0.51997                   1
           69.867646             0.50492                   1
           89.797180             0.50995                   1
          101.776923             0.50492                   1
          123.696399             0.50499                   1
          167.585571             0.51976                   1
          183.530020             0.51999                   1
          191.514900             0.50493                   1
          197.484724             0.51500                   1
          203.479626             0.50496                   1
          209.449466             0.50500                   1
          215.429319             0.51995                   1
          231.378990             0.51989                   1
          263.303262             0.51998                   1
          265.288202             0.51999                   1
          283.232768             0.52001                   1
          301.182384             0.51999                   1
          313.162131             0.50496                   1
