           14.016375             0.59912                   1
           23.971110             0.74807                   1
           41.955714             0.57090                   1
           45.940628             0.98587                   1
           55.910416             0.76775                   1
           57.895348             0.63080                   1
           85.824744             0.79650                   1
          105.749233             0.67940                   1
          109.749199             0.77532                   1
          147.658391             1.22497                   1
          153.658210             0.67295                   1
          175.597711             1.01277                   1
          181.567560             0.74674                   1
          187.542423             0.69969                   1
          229.411426             1.10139                   1
          255.350902             0.76109                   1
          307.189739             1.03265                   1
          333.129176             0.90041                   1
