          113.747426            0.520050    1
          115.737392            0.514980    1
          177.571011            0.520010    1
          207.495368            0.504970    1
          209.480330            0.505000    1
          211.465262            0.519960    1
          235.409726            0.519920    1
          267.334171            0.519790    1
          297.243329            0.509930    1
          307.213088            0.520000    1
          329.127622            0.509980    1
