          319.174469            1.513480    1
          341.098896            1.513480    1
           69.878398            1.513450    1
           89.817915            1.513450    1
           91.812891            1.513450    1
          123.722170            1.513450    1
          167.586184            1.513450    1
          229.439832            1.513450    1
          249.389386            1.513450    1
          329.132536            1.513450    1
          255.308484            1.513440    1
          123.664813            1.099260    1
          185.528385            1.513450    1
          189.528389            1.513450    1
          191.513327            1.513450    1
