           16.001311            0.519970                   1
           73.839982            0.520020                   1
           79.839878            0.504960                   1
           91.809588            0.504940                   1
           93.794479            0.520080                   1
          103.764290            0.519980                   1
          121.733901            0.505030                   1
          123.718784            0.505040                   1
          155.643110            0.505020                   1
          163.627965            0.504990                   1
          167.612920            0.519970                   1
          191.527320            0.520040                   1
          193.527336            0.505010                   1
          195.512294            0.504890                   1
          197.487197            0.519970                   1
          215.466796            0.519960                   1
          225.426587            0.520000                   1
          249.366050            0.504950                   1
          257.335874            0.519980                   1
          287.260213            0.504940                   1
          331.144244            0.504900                   1
          335.114128            0.519970                   1
            8.034860            0.509920                   1
           19.989512            0.519990                   1
           25.974403            0.519990                   1
           27.974344            0.505020                   1
           49.923811            0.520030                   1
           61.908563            0.505030                   1
           81.848170            0.519910                   1
          119.737316            0.504920                   1
          147.661667            0.504990                   1
          155.631449            0.504970                   1
          289.268499            0.504910                   1
          325.147596            0.520030                   1
            8.029004            0.509980                   1
           29.988514            0.520030                   1
           45.953145            0.514970                   1
           49.923074            0.519970                   1
           61.897742            0.520010                   1
           73.837608            0.519920                   1
          103.751773            0.515060                   1
          107.746875            0.504800                   1
          115.726560            0.519970                   1
          119.711490            0.504950                   1
          135.686158            0.504960                   1
          155.620693            0.505000                   1
          171.580295            0.504940                   1
          177.550149            0.520160                   1
          189.530003            0.504980                   1
          225.409042            0.505040                   1
          233.363933            0.520010                   1
          251.323496            0.520020                   1
          267.273191            0.519980                   1
          293.212585            0.509980                   1
          307.177257            0.505140                   1
          337.101556            0.519980                   1
            8.032486            0.504920                   1
           16.002301            0.519970                   1
           17.987181            0.520050                   1
           31.951981            0.519870                   1
           39.936680            0.519990                   1
           43.921629            0.520000                   1
           47.906536            0.504990                   1
           69.856056            0.505010                   1
           77.835894            0.519930                   1
           85.780731            0.519950                   1
          103.745303            0.504910                   1
          107.730214            0.519980                   1
          115.684976            0.520030                   1
          121.679888            0.505000                   1
          157.584143            0.519910                   1
          167.563821            0.505150                   1
          233.437370            0.519990                   1
          255.386847            0.520060                   1
          257.386840            0.504930                   1
          275.321459            0.519940                   1
          289.276069            0.520030                   1
          305.215773            0.504970                   1
          321.155407            0.519940                   1
          333.135170            0.504860                   1
