          319.174469            0.504950    1
          341.098896            0.520040    1
           69.878398            0.504980    1
           89.817915            0.520030    1
           91.812891            0.510020    1
          123.722170            0.505020    1
          167.586184            0.520020    1
          229.439832            0.504930    1
          249.389386            0.519910    1
          329.132536            0.520000    1
          255.308484            0.519910    1
          123.664813            0.509990    1
          185.528385            0.520070    1
          189.528389            0.504960    1
          191.513327            0.504940    1
