           12.009716            0.493830                   1
           16.004603            0.510180                   1
           47.943968            0.558480                   1
           51.913797            0.572530                   1
           63.878620            0.543370                   1
           69.873463            0.796360                   1
           89.818028            0.795170                   1
           91.802962            1.242180                   1
          123.717254            0.982860                   1
          143.661773            0.757750                   1
          153.641621            0.785580                   1
          167.591260            0.683480                   1
          191.535778            0.826230                   1
          195.505593            0.848260                   1
          229.424936            0.759900                   1
          241.404566            0.595890                   1
          249.384407            0.663820                   1
          257.369233            0.542770                   1
          277.298843            0.548530                   1
          323.147745            0.666240                   1
          337.107464            0.970040                   1
