            8.024833            0.582880                   1
           12.009716            0.493830                   1
           16.004603            0.510180                   1
           19.989598            0.713760                   1
           25.974473            0.544660                   1
           27.959403            0.607660                   1
           39.949150            0.777580                   1
           47.943968            0.558480                   1
           49.928880            0.637550                   1
           51.913797            0.572530                   1
           61.893603            0.752430                   1
           63.878620            0.543370                   1
           69.873463            0.796360                   1
           71.858405            0.787340                   1
           81.838163            0.879260                   1
           87.833049            0.844150                   1
           89.818028            0.795170                   1
           91.802962            1.242180                   1
           93.792931            0.684140                   1
           95.777885            0.595100                   1
          101.772727            0.752050                   1
          119.732340            0.727930                   1
          123.717254            0.982860                   1
          127.702179            0.837820                   1
          131.682092            0.585770                   1
          139.676886            0.886710                   1
          143.661773            0.757750                   1
          147.646728            0.580650                   1
          153.641621            0.785580                   1
          155.626513            0.600620                   1
          159.611479            0.695520                   1
          165.591279            0.899540                   1
          167.591260            0.683480                   1
          183.550982            0.835270                   1
          185.550856            0.819330                   1
          191.535778            0.826230                   1
          193.520751            1.185200                   1
          195.505593            0.848260                   1
          215.450208            0.847060                   1
          219.435082            0.766040                   1
          229.424936            0.759900                   1
          241.404566            0.595890                   1
          249.384407            0.663820                   1
          253.369202            0.862860                   1
          257.369233            0.542770                   1
          259.354213            1.109750                   1
          273.328880            0.742560                   1
          275.313937            0.853460                   1
          277.298843            0.548530                   1
          283.283654            0.795510                   1
          285.268614            0.730470                   1
          289.263492            0.695550                   1
          299.228447            0.738250                   1
          309.198048            0.736330                   1
          317.192851            0.933260                   1
          319.177878            0.660240                   1
          321.162797            0.675270                   1
          323.147745            0.666240                   1
          325.132689            0.753240                   1
          337.107464            0.970040                   1
          339.097329            0.804130                   1
