           39.949150             0.77758                   1
           87.833049             0.84415                   1
           93.792931             0.68414                   1
           95.777885             0.59510                   1
          101.772727             0.75205                   1
          127.702179             0.83782                   1
          139.676886             0.88671                   1
          159.611479             0.69552                   1
          193.520751             1.18520                   1
          219.435082             0.76604                   1
          259.354213             1.10975                   1
          275.313937             0.85346                   1
          283.283654             0.79551                   1
          285.268614             0.73047                   1
          299.228447             0.73825                   1
          317.192851             0.93326                   1
          321.162797             0.67527                   1
          339.097329             0.80413                   1
