          101.779384            0.519980    1
          131.688691            0.509950    1
          231.396418            0.519960    1
          237.396307            0.504990    1
          271.280531            0.519980    1
          299.229953            0.509930    1
           39.954168            0.509880    1
           87.842966            0.505030    1
           93.802855            0.504970    1
           95.787802            0.504990    1
          101.772734            0.519960    1
          115.752380            0.505030    1
          127.707125            0.519980    1
          159.616371            0.520040    1
          177.580999            0.504950    1
          193.520625            0.520010    1
          211.475254            0.504920    1
          219.445045            0.519990    1
          267.343996            0.504970    1
          275.313753            0.520030    1
          283.283583            0.519970    1
          285.283541            0.505070    1
          297.253283            0.504960    1
          299.238244            0.519940    1
          307.223108            0.519920    1
          317.202825            0.504980    1
          145.650913            0.509970    1
          239.358737            0.505040    1
          279.252899            0.504970    1
          315.147098            0.505220    1
          235.437351            0.504970    1
          281.306402            0.504820    1
