            8.024833            0.519980                   1
           12.009716            0.520030                   1
           16.004603            0.510040                   1
           19.989598            0.519970                   1
           25.974473            0.519970                   1
           27.959403            0.519980                   1
           39.949150            0.520000                   1
           47.943968            0.505010                   1
           49.928880            0.505000                   1
           51.913797            0.505020                   1
           61.893603            0.520000                   1
           63.878620            0.519970                   1
           69.873463            0.504920                   1
           71.858405            0.509970                   1
           81.838163            0.520010                   1
           87.833049            0.509920                   1
           89.818028            0.509950                   1
           91.802962            0.509940                   1
           93.792931            0.514950                   1
           95.777885            0.519980                   1
          101.772727            0.505000                   1
          119.732340            0.504930                   1
          123.717254            0.504940                   1
          127.702179            0.514950                   1
          131.682092            0.519930                   1
          139.676886            0.504990                   1
          143.661773            0.519980                   1
          147.646728            0.519980                   1
          153.641621            0.504890                   1
          155.626513            0.504970                   1
          159.611479            0.504970                   1
          165.591279            0.520040                   1
          167.591260            0.504960                   1
          183.550982            0.519930                   1
          185.550856            0.504990                   1
          191.535778            0.504930                   1
          193.520751            0.504860                   1
          195.505593            0.520000                   1
          215.450208            0.519990                   1
          219.435082            0.520010                   1
          229.424936            0.509910                   1
          241.404566            0.505000                   1
          249.384407            0.509970                   1
          253.369202            0.520130                   1
          257.369233            0.504980                   1
          259.354213            0.504960                   1
          273.328880            0.505010                   1
          275.313937            0.504860                   1
          277.298843            0.504930                   1
          283.283654            0.520010                   1
          285.268614            0.520010                   1
          289.263492            0.505050                   1
          299.228447            0.509800                   1
          309.198048            0.520010                   1
          317.192851            0.505020                   1
          319.177878            0.519960                   1
          321.162797            0.520000                   1
          323.147745            0.519940                   1
          325.132689            0.519960                   1
          337.107464            0.519930                   1
          339.097329            0.515070                   1
