            8.024833             0.51998                   1
           19.989598             0.51997                   1
           25.974473             0.51997                   1
           27.959403             0.51998                   1
           49.928880             0.50500                   1
           61.893603             0.52000                   1
           71.858405             0.50997                   1
           81.838163             0.52001                   1
          119.732340             0.50493                   1
          131.682092             0.51993                   1
          147.646728             0.51998                   1
          155.626513             0.50497                   1
          165.591279             0.52004                   1
          183.550982             0.51993                   1
          185.550856             0.50499                   1
          215.450208             0.51999                   1
          253.369202             0.52013                   1
          273.328880             0.50501                   1
          289.263492             0.50505                   1
          309.198048             0.52001                   1
          319.177878             0.51996                   1
          325.132689             0.51996                   1
