           20.008742             0.63054                   1
           31.988485             0.55441                   1
           35.973384             0.56140                   1
           47.938044             0.70039                   1
           59.912866             0.65319                   1
           63.882750             0.57917                   1
           69.867646             0.60210                   1
           89.797180             0.56795                   1
          101.776923             0.65181                   1
          123.696399             1.02769                   1
          167.585571             0.89713                   1
          183.530020             0.60821                   1
          191.514900             0.59106                   1
          197.484724             0.64504                   1
          203.479626             0.53795                   1
          209.449466             0.88793                   1
          215.429319             0.73989                   1
          231.378990             0.63774                   1
          263.303262             0.61654                   1
          265.288202             0.56751                   1
          283.232768             0.68639                   1
          301.182384             0.71223                   1
          313.162131             0.69214                   1
