           14.016375            0.599120                   1
           23.971110            0.748070                   1
           41.955714            0.570900                   1
           45.940628            0.985870                   1
           55.910416            0.767750                   1
           57.895348            0.630800                   1
           85.824744            0.796500                   1
          105.749233            0.679400                   1
          109.749199            0.775320                   1
          147.658391            1.224970                   1
          153.658210            0.672950                   1
          175.597711            1.012770                   1
          181.567560            0.746740                   1
          187.542423            0.699690                   1
          229.411426            1.101390                   1
          255.350902            0.761090                   1
          307.189739            1.032650                   1
          333.129176            0.900410                   1
          139.676793            0.838860                   1
          259.349094            0.754810                   1
          321.172723            0.889260                   1
          339.102328            0.719170                   1
           16.013874            0.625540                   1
           65.882731            0.683150                   1
           71.852593            0.609070                   1
           75.822479            0.503040                   1
           87.812210            0.705010                   1
           97.781999            0.742910                   1
          117.726588            0.669720                   1
          137.671031            0.724600                   1
          147.635856            0.583490                   1
          153.635752            0.631390                   1
          163.600521            0.610300                   1
          173.565316            0.765230                   1
          195.494766            0.619080                   1
          207.459526            0.717940                   1
          217.414255            1.114970                   1
          229.394052            0.806740                   1
          249.338625            0.781550                   1
          271.258059            0.629480                   1
          287.217693            0.725360                   1
          295.197578            0.649250                   1
           45.921588            0.652910                   1
           57.886333            0.760310                   1
           67.856070            0.789760                   1
           81.805816            0.831600                   1
           83.795728            0.593610                   1
           99.760400            0.756430                   1
          125.649776            0.810250                   1
          129.634691            0.793190                   1
          137.634514            0.889130                   1
          149.599269            0.788000                   1
          165.578841            0.543950                   1
          207.477958            0.715490                   1
          267.351591            0.712040                   1
          285.291202            0.819840                   1
          291.261082            0.817770                   1
          293.246082            0.552800                   1
          299.215901            0.622800                   1
          309.200622            1.077700                   1
          315.170479            0.619750                   1
          323.140364            0.665600                   1
          339.119957            0.789480                   1
          341.104979            0.660420                   1
