           39.949150             0.52000                   1
           87.833049             0.50992                   1
           93.792931             0.51495                   1
           95.777885             0.51998                   1
          101.772727             0.50500                   1
          127.702179             0.51495                   1
          139.676886             0.50499                   1
          159.611479             0.50497                   1
          193.520751             0.50486                   1
          219.435082             0.52001                   1
          259.354213             0.50496                   1
          275.313937             0.50486                   1
          283.283654             0.52001                   1
          285.268614             0.52001                   1
          299.228447             0.50980                   1
          317.192851             0.50502                   1
          321.162797             0.52000                   1
          339.097329             0.51507                   1
