           16.013874             0.51995                   1
           65.882731             0.50498                   1
           71.852593             0.50488                   1
           75.822479             0.51998                   1
           87.812210             0.50999                   1
           97.781999             0.51997                   1
          117.726588             0.50491                   1
          137.671031             0.50497                   1
          147.635856             0.51997                   1
          153.635752             0.50491                   1
          163.600521             0.52001                   1
          173.565316             0.50493                   1
          195.494766             0.51000                   1
          207.459526             0.50993                   1
          217.414255             0.52001                   1
          229.394052             0.52000                   1
          249.338625             0.51996                   1
          271.258059             0.52000                   1
          287.217693             0.52000                   1
          295.197578             0.50995                   1
