           45.921588             0.50502                   1
           57.886333             0.51999                   1
           67.856070             0.51998                   1
           81.805816             0.50996                   1
           83.795728             0.51494                   1
           99.760400             0.50494                   1
          125.649776             0.50999                   1
          129.634691             0.51998                   1
          137.634514             0.50500                   1
          149.599269             0.51992                   1
          165.578841             0.50501                   1
          207.477958             0.52001                   1
          267.351591             0.51005                   1
          285.291202             0.50496                   1
          291.261082             0.51996                   1
          293.246082             0.50981                   1
          299.215901             0.51996                   1
          309.200622             0.50496                   1
          315.170479             0.52008                   1
          323.140364             0.51992                   1
          339.119957             0.50496                   1
          341.104979             0.51997                   1
