          101.779384            0.519980    1
          131.688691            0.509950    1
          231.396418            0.519960    1
          237.396307            0.504990    1
          263.305708            0.520010    1
          271.280531            0.519980    1
          289.245141            0.509970    1
          299.229953            0.509930    1
          319.174469            0.504950    1
          341.098896            0.520040    1
           39.954168            0.509880    1
           69.878398            0.504980    1
           71.863423            0.519940    1
           87.842966            0.505030    1
           89.817915            0.520030    1
           91.812891            0.510020    1
           93.802855            0.504970    1
           95.787802            0.504990    1
          101.772734            0.519960    1
          115.752380            0.505030    1
          123.722170            0.505020    1
          127.707125            0.519980    1
          131.692011            0.520020    1
          159.616371            0.520040    1
          165.596253            0.519940    1
          167.586184            0.520020    1
          177.580999            0.504950    1
          183.565826            0.504960    1
          185.550829            0.520010    1
          193.520625            0.520010    1
          207.500316            0.509990    1
          209.485216            0.510040    1
          211.475254            0.504920    1
          215.460175            0.519960    1
          219.445045            0.519990    1
          229.439832            0.504930    1
          249.389386            0.519910    1
          253.389325            0.504950    1
          267.343996            0.504970    1
          273.328867            0.519930    1
          275.313753            0.520030    1
          283.283583            0.519970    1
          285.283541            0.505070    1
          297.253283            0.504960    1
          299.238244            0.519940    1
          307.223108            0.519920    1
          309.207989            0.520030    1
          317.202825            0.504980    1
          319.187728            0.510030    1
          329.132536            0.520000    1
          145.650913            0.509970    1
          239.358737            0.505040    1
          255.308484            0.519910    1
          279.252899            0.504970    1
          315.147098            0.505220    1
          321.126897            0.520020    1
          325.126864            0.504920    1
          123.664813            0.509990    1
          185.528385            0.520070    1
          189.528389            0.504960    1
          191.513327            0.504940    1
          235.437351            0.504970    1
          281.306402            0.504820    1
