            8.024833            0.519980                   1
           19.989598            0.519970                   1
           25.974473            0.519970                   1
           27.959403            0.519980                   1
           49.928880            0.505000                   1
           61.893603            0.520000                   1
           71.858405            0.509970                   1
           81.838163            0.520010                   1
          119.732340            0.504930                   1
          131.682092            0.519930                   1
          147.646728            0.519980                   1
          155.626513            0.504970                   1
          165.591279            0.520040                   1
          183.550982            0.519930                   1
          185.550856            0.504990                   1
          215.450208            0.519990                   1
          253.369202            0.520130                   1
          273.328880            0.505010                   1
          289.263492            0.505050                   1
          309.198048            0.520010                   1
          319.177878            0.519960                   1
          325.132689            0.519960                   1
