           12.009716             0.49383                   1
           16.004603             0.51018                   1
           47.943968             0.55848                   1
           51.913797             0.57253                   1
           63.878620             0.54337                   1
           69.873463             0.79636                   1
           89.818028             0.79517                   1
           91.802962             1.24218                   1
          123.717254             0.98286                   1
          143.661773             0.75775                   1
          153.641621             0.78558                   1
          167.591260             0.68348                   1
          191.535778             0.82623                   1
          195.505593             0.84826                   1
          229.424936             0.75990                   1
          241.404566             0.59589                   1
          249.384407             0.66382                   1
          257.369233             0.54277                   1
          277.298843             0.54853                   1
          323.147745             0.66624                   1
          337.107464             0.97004                   1
