            8.031567            0.872090                   1
           17.986233            0.541150                   1
           31.970966            0.515940                   1
           53.925408            0.664870                   1
           63.880230            0.677700                   1
           65.870163            0.903720                   1
           67.855079            0.662730                   1
          127.703773            0.788200                   1
          139.673511            0.826080                   1
          179.582579            0.763790                   1
          185.557470            0.652690                   1
          209.481935            0.687460                   1
          219.451683            0.861410                   1
          223.436619            0.892360                   1
          247.375983            0.680250                   1
          261.320734            0.679060                   1
          267.305741            0.629940                   1
          275.265461            0.813920                   1
          301.214885            0.695760                   1
          305.204750            0.713760                   1
          309.174669            0.599720                   1
          323.159371            0.598580                   1
           12.019711            0.555870                   1
           16.004591            0.618880                   1
           47.938898            0.699570                   1
           51.913757            0.756570                   1
           63.893559            1.072390                   1
          113.767465            0.588930                   1
          143.661728            0.685780                   1
          153.641538            0.841620                   1
          191.535687            0.794370                   1
          195.505559            0.776340                   1
          235.424700            0.607950                   1
          241.409530            0.798920                   1
          257.374283            0.801670                   1
          277.298731            1.116590                   1
          323.162728            0.571240                   1
          337.117373            0.568160                   1
           20.008742            0.630540                   1
           31.988485            0.554410                   1
           35.973384            0.561400                   1
           47.938044            0.700390                   1
           59.912866            0.653190                   1
           63.882750            0.579170                   1
           69.867646            0.602100                   1
           89.797180            0.567950                   1
          101.776923            0.651810                   1
          123.696399            1.027690                   1
          167.585571            0.897130                   1
          183.530020            0.608210                   1
          191.514900            0.591060                   1
          197.484724            0.645040                   1
          203.479626            0.537950                   1
          209.449466            0.887930                   1
          215.429319            0.739890                   1
          231.378990            0.637740                   1
          263.303262            0.616540                   1
          265.288202            0.567510                   1
          283.232768            0.686390                   1
          301.182384            0.712230                   1
          313.162131            0.692140                   1
           14.017328            0.678160                   1
           23.972048            0.667110                   1
           29.966981            0.608020                   1
           61.871210            0.638800                   1
           79.820857            0.584590                   1
           89.765597            0.623550                   1
          111.725130            0.935330                   1
          113.700020            1.072370                   1
          145.614372            0.589000                   1
          179.543573            1.170760                   1
          195.498250            0.575590                   1
          219.472710            1.008380                   1
          225.457518            0.807370                   1
          241.422161            0.666240                   1
          251.401972            0.718140                   1
          259.371825            0.788010                   1
          273.336437            0.782990                   1
          279.321440            0.565880                   1
          295.230916            0.775840                   1
          313.185574            0.652690                   1
