            8.031567             0.50482                   1
           17.986233             0.52000                   1
           31.970966             0.50495                   1
           53.925408             0.52004                   1
           63.880230             0.52000                   1
           65.870163             0.52004                   1
           67.855079             0.52000                   1
          127.703773             0.52003                   1
          139.673511             0.50991                   1
          179.582579             0.51000                   1
          185.557470             0.52002                   1
          209.481935             0.51998                   1
          219.451683             0.50995                   1
          223.436619             0.52001                   1
          247.375983             0.51009                   1
          261.320734             0.52001                   1
          267.305741             0.50487                   1
          275.265461             0.52000                   1
          301.214885             0.51999                   1
          305.204750             0.52002                   1
          309.174669             0.52005                   1
          323.159371             0.50500                   1
