           12.009716            0.520030                   1
           16.004603            0.510040                   1
           47.943968            0.505010                   1
           51.913797            0.505020                   1
           63.878620            0.519970                   1
           69.873463            0.504920                   1
           89.818028            0.509950                   1
           91.802962            0.509940                   1
          123.717254            0.504940                   1
          143.661773            0.519980                   1
          153.641621            0.504890                   1
          167.591260            0.504960                   1
          191.535778            0.504930                   1
          195.505593            0.520000                   1
          229.424936            0.509910                   1
          241.404566            0.505000                   1
          249.384407            0.509970                   1
          257.369233            0.504980                   1
          277.298843            0.504930                   1
          323.147745            0.519940                   1
          337.107464            0.519930                   1
