            8.031567            0.504820                   1
           17.986233            0.520000                   1
           31.970966            0.504950                   1
           53.925408            0.520040                   1
           63.880230            0.520000                   1
           65.870163            0.520040                   1
           67.855079            0.520000                   1
          127.703773            0.520030                   1
          139.673511            0.509910                   1
          179.582579            0.510000                   1
          185.557470            0.520020                   1
          209.481935            0.519980                   1
          219.451683            0.509950                   1
          223.436619            0.520010                   1
          247.375983            0.510090                   1
          261.320734            0.520010                   1
          267.305741            0.504870                   1
          275.265461            0.520000                   1
          301.214885            0.519990                   1
          305.204750            0.520020                   1
          309.174669            0.520050                   1
          323.159371            0.505000                   1
           12.019711            0.509930                   1
           16.004591            0.510010                   1
           47.938898            0.519990                   1
           51.913757            0.519990                   1
           63.893559            0.504930                   1
          113.767465            0.505020                   1
          143.661728            0.520010                   1
          153.641538            0.509850                   1
          191.535687            0.519960                   1
          195.505559            0.519990                   1
          235.424700            0.504970                   1
          241.409530            0.504980                   1
          257.374283            0.504910                   1
          277.298731            0.520000                   1
          323.162728            0.504940                   1
          337.117373            0.520010                   1
           20.008742            0.504990                   1
           31.988485            0.504960                   1
           35.973384            0.504970                   1
           47.938044            0.520050                   1
           59.912866            0.509930                   1
           63.882750            0.519970                   1
           69.867646            0.504920                   1
           89.797180            0.509950                   1
          101.776923            0.504920                   1
          123.696399            0.504990                   1
          167.585571            0.519760                   1
          183.530020            0.519990                   1
          191.514900            0.504930                   1
          197.484724            0.515000                   1
          203.479626            0.504960                   1
          209.449466            0.505000                   1
          215.429319            0.519950                   1
          231.378990            0.519890                   1
          263.303262            0.519980                   1
          265.288202            0.519990                   1
          283.232768            0.520010                   1
          301.182384            0.519990                   1
          313.162131            0.504960                   1
           14.017328            0.519950                   1
           23.972048            0.519990                   1
           29.966981            0.504910                   1
           61.871210            0.520010                   1
           79.820857            0.509920                   1
           89.765597            0.520020                   1
          111.725130            0.504980                   1
          113.700020            0.520040                   1
          145.614372            0.509940                   1
          179.543573            0.520000                   1
          195.498250            0.504840                   1
          219.472710            0.504950                   1
          225.457518            0.514990                   1
          241.422161            0.505050                   1
          251.401972            0.519990                   1
          259.371825            0.504960                   1
          273.336437            0.510000                   1
          279.321440            0.504850                   1
          295.230916            0.520020                   1
          313.185574            0.504930                   1
