           14.016375            0.519970                   1
           23.971110            0.520030                   1
           41.955714            0.504970                   1
           45.940628            0.504970                   1
           55.910416            0.519960                   1
           57.895348            0.510000                   1
           85.824744            0.504900                   1
          105.749233            0.520050                   1
          109.749199            0.504980                   1
          147.658391            0.519930                   1
          153.658210            0.504890                   1
          175.597711            0.519990                   1
          181.567560            0.519960                   1
          187.542423            0.520010                   1
          229.411426            0.520030                   1
          255.350902            0.520000                   1
          307.189739            0.520030                   1
          333.129176            0.519960                   1
          139.676793            0.520000                   1
          259.349094            0.520060                   1
          321.172723            0.510010                   1
          339.102328            0.520000                   1
           16.013874            0.519950                   1
           65.882731            0.504980                   1
           71.852593            0.504880                   1
           75.822479            0.519980                   1
           87.812210            0.509990                   1
           97.781999            0.519970                   1
          117.726588            0.504910                   1
          137.671031            0.504970                   1
          147.635856            0.519970                   1
          153.635752            0.504910                   1
          163.600521            0.520010                   1
          173.565316            0.504930                   1
          195.494766            0.510000                   1
          207.459526            0.509930                   1
          217.414255            0.520010                   1
          229.394052            0.520000                   1
          249.338625            0.519960                   1
          271.258059            0.520000                   1
          287.217693            0.520000                   1
          295.197578            0.509950                   1
           45.921588            0.505020                   1
           57.886333            0.519990                   1
           67.856070            0.519980                   1
           81.805816            0.509960                   1
           83.795728            0.514940                   1
           99.760400            0.504940                   1
          125.649776            0.509990                   1
          129.634691            0.519980                   1
          137.634514            0.505000                   1
          149.599269            0.519920                   1
          165.578841            0.505010                   1
          207.477958            0.520010                   1
          267.351591            0.510050                   1
          285.291202            0.504960                   1
          291.261082            0.519960                   1
          293.246082            0.509810                   1
          299.215901            0.519960                   1
          309.200622            0.504960                   1
          315.170479            0.520080                   1
          323.140364            0.519920                   1
          339.119957            0.504960                   1
          341.104979            0.519970                   1
