           16.001311             0.74208                   1
           73.839982             0.86967                   1
           79.839878             0.61356                   1
           91.809588             0.64347                   1
           93.794479             0.69056                   1
          103.764290             0.68841                   1
          121.733901             0.67823                   1
          123.718784             0.74929                   1
          155.643110             0.71199                   1
          163.627965             1.09490                   1
          167.612920             0.83782                   1
          191.527320             0.81866                   1
          193.527336             0.86657                   1
          195.512294             0.64156                   1
          197.487197             0.70660                   1
          215.466796             0.75045                   1
          225.426587             0.89438                   1
          249.366050             0.71412                   1
          257.335874             0.78404                   1
          287.260213             0.85879                   1
          331.144244             0.79746                   1
          335.114128             0.76344                   1
