            8.029004             0.57067                   1
           29.988514             0.68247                   1
           45.953145             0.65332                   1
           49.923074             0.60330                   1
           61.897742             0.53223                   1
           73.837608             0.56000                   1
          103.751773             0.63691                   1
          107.746875             0.66572                   1
          115.726560             0.61376                   1
          119.711490             0.55669                   1
          135.686158             0.70956                   1
          155.620693             0.71841                   1
          171.580295             0.69427                   1
          177.550149             0.68425                   1
          189.530003             0.67204                   1
          225.409042             0.66388                   1
          233.363933             0.73270                   1
          251.323496             0.82862                   1
          267.273191             0.91842                   1
          293.212585             0.69830                   1
          307.177257             0.70919                   1
          337.101556             0.63998                   1
