            8.024833            0.582880                   1
           19.989598            0.713760                   1
           25.974473            0.544660                   1
           27.959403            0.607660                   1
           49.928880            0.637550                   1
           61.893603            0.752430                   1
           71.858405            0.787340                   1
           81.838163            0.879260                   1
          119.732340            0.727930                   1
          131.682092            0.585770                   1
          147.646728            0.580650                   1
          155.626513            0.600620                   1
          165.591279            0.899540                   1
          183.550982            0.835270                   1
          185.550856            0.819330                   1
          215.450208            0.847060                   1
          253.369202            0.862860                   1
          273.328880            0.742560                   1
          289.263492            0.695550                   1
          309.198048            0.736330                   1
          319.177878            0.660240                   1
          325.132689            0.753240                   1
