            8.032486             0.50492                   1
           16.002301             0.51997                   1
           17.987181             0.52005                   1
           31.951981             0.51987                   1
           39.936680             0.51999                   1
           43.921629             0.52000                   1
           47.906536             0.50499                   1
           69.856056             0.50501                   1
           77.835894             0.51993                   1
           85.780731             0.51995                   1
          103.745303             0.50491                   1
          107.730214             0.51998                   1
          115.684976             0.52003                   1
          121.679888             0.50500                   1
          157.584143             0.51991                   1
          167.563821             0.50515                   1
          233.437370             0.51999                   1
          255.386847             0.52006                   1
          257.386840             0.50493                   1
          275.321459             0.51994                   1
          289.276069             0.52003                   1
          305.215773             0.50497                   1
          321.155407             0.51994                   1
          333.135170             0.50486                   1
