            8.031567            0.504820                   1
           14.016375            0.519970                   1
           16.001311            0.519970                   1
           17.986233            0.520000                   1
           23.971110            0.520030                   1
           31.970966            0.504950                   1
           41.955714            0.504970                   1
           45.940628            0.504970                   1
           53.925408            0.520040                   1
           55.910416            0.519960                   1
           57.895348            0.510000                   1
           63.880230            0.520000                   1
           65.870163            0.520040                   1
           67.855079            0.520000                   1
           73.839982            0.520020                   1
           79.839878            0.504960                   1
           85.824744            0.504900                   1
           91.809588            0.504940                   1
           93.794479            0.520080                   1
          103.764290            0.519980                   1
          105.749233            0.520050                   1
          109.749199            0.504980                   1
          121.733901            0.505030                   1
          123.718784            0.505040                   1
          127.703773            0.520030                   1
          139.673511            0.509910                   1
          147.658391            0.519930                   1
          153.658210            0.504890                   1
          155.643110            0.505020                   1
          163.627965            0.504990                   1
          167.612920            0.519970                   1
          175.597711            0.519990                   1
          179.582579            0.510000                   1
          181.567560            0.519960                   1
          185.557470            0.520020                   1
          187.542423            0.520010                   1
          191.527320            0.520040                   1
          193.527336            0.505010                   1
          195.512294            0.504890                   1
          197.487197            0.519970                   1
          209.481935            0.519980                   1
          215.466796            0.519960                   1
          219.451683            0.509950                   1
          223.436619            0.520010                   1
          225.426587            0.520000                   1
          229.411426            0.520030                   1
          247.375983            0.510090                   1
          249.366050            0.504950                   1
          255.350902            0.520000                   1
          257.335874            0.519980                   1
          261.320734            0.520010                   1
          267.305741            0.504870                   1
          275.265461            0.520000                   1
          287.260213            0.504940                   1
          301.214885            0.519990                   1
          305.204750            0.520020                   1
          307.189739            0.520030                   1
          309.174669            0.520050                   1
          323.159371            0.505000                   1
          331.144244            0.504900                   1
          333.129176            0.519960                   1
          335.114128            0.519970                   1
            8.034860            0.509920                   1
           12.019711            0.509930                   1
           16.004591            0.510010                   1
           19.989512            0.519990                   1
           25.974403            0.519990                   1
           27.974344            0.505020                   1
           47.938898            0.519990                   1
           49.923811            0.520030                   1
           51.913757            0.519990                   1
           61.908563            0.505030                   1
           63.893559            0.504930                   1
           81.848170            0.519910                   1
          113.767465            0.505020                   1
          119.737316            0.504920                   1
          139.676793            0.520000                   1
          143.661728            0.520010                   1
          147.661667            0.504990                   1
          153.641538            0.509850                   1
          155.631449            0.504970                   1
          191.535687            0.519960                   1
          195.505559            0.519990                   1
          235.424700            0.504970                   1
          241.409530            0.504980                   1
          257.374283            0.504910                   1
          259.349094            0.520060                   1
          277.298731            0.520000                   1
          289.268499            0.504910                   1
          321.172723            0.510010                   1
          323.162728            0.504940                   1
          325.147596            0.520030                   1
          337.117373            0.520010                   1
          339.102328            0.520000                   1
            8.029004            0.509980                   1
           16.013874            0.519950                   1
           20.008742            0.504990                   1
           29.988514            0.520030                   1
           31.988485            0.504960                   1
           35.973384            0.504970                   1
           45.953145            0.514970                   1
           47.938044            0.520050                   1
           49.923074            0.519970                   1
           59.912866            0.509930                   1
           61.897742            0.520010                   1
           63.882750            0.519970                   1
           65.882731            0.504980                   1
           69.867646            0.504920                   1
           71.852593            0.504880                   1
           73.837608            0.519920                   1
           75.822479            0.519980                   1
           87.812210            0.509990                   1
           89.797180            0.509950                   1
           97.781999            0.519970                   1
          101.776923            0.504920                   1
          103.751773            0.515060                   1
          107.746875            0.504800                   1
          115.726560            0.519970                   1
          117.726588            0.504910                   1
          119.711490            0.504950                   1
          123.696399            0.504990                   1
          135.686158            0.504960                   1
          137.671031            0.504970                   1
          147.635856            0.519970                   1
          153.635752            0.504910                   1
          155.620693            0.505000                   1
          163.600521            0.520010                   1
          167.585571            0.519760                   1
          171.580295            0.504940                   1
          173.565316            0.504930                   1
          177.550149            0.520160                   1
          183.530020            0.519990                   1
          189.530003            0.504980                   1
          191.514900            0.504930                   1
          195.494766            0.510000                   1
          197.484724            0.515000                   1
          203.479626            0.504960                   1
          207.459526            0.509930                   1
          209.449466            0.505000                   1
          215.429319            0.519950                   1
          217.414255            0.520010                   1
          225.409042            0.505040                   1
          229.394052            0.520000                   1
          231.378990            0.519890                   1
          233.363933            0.520010                   1
          249.338625            0.519960                   1
          251.323496            0.520020                   1
          263.303262            0.519980                   1
          265.288202            0.519990                   1
          267.273191            0.519980                   1
          271.258059            0.520000                   1
          283.232768            0.520010                   1
          287.217693            0.520000                   1
          293.212585            0.509980                   1
          295.197578            0.509950                   1
          301.182384            0.519990                   1
          307.177257            0.505140                   1
          313.162131            0.504960                   1
          337.101556            0.519980                   1
            8.032486            0.504920                   1
           14.017328            0.519950                   1
           16.002301            0.519970                   1
           17.987181            0.520050                   1
           23.972048            0.519990                   1
           29.966981            0.504910                   1
           31.951981            0.519870                   1
           39.936680            0.519990                   1
           43.921629            0.520000                   1
           45.921588            0.505020                   1
           47.906536            0.504990                   1
           57.886333            0.519990                   1
           61.871210            0.520010                   1
           67.856070            0.519980                   1
           69.856056            0.505010                   1
           77.835894            0.519930                   1
           79.820857            0.509920                   1
           81.805816            0.509960                   1
           83.795728            0.514940                   1
           85.780731            0.519950                   1
           89.765597            0.520020                   1
           99.760400            0.504940                   1
          103.745303            0.504910                   1
          107.730214            0.519980                   1
          111.725130            0.504980                   1
          113.700020            0.520040                   1
          115.684976            0.520030                   1
          121.679888            0.505000                   1
          125.649776            0.509990                   1
          129.634691            0.519980                   1
          137.634514            0.505000                   1
          145.614372            0.509940                   1
          149.599269            0.519920                   1
          157.584143            0.519910                   1
          165.578841            0.505010                   1
          167.563821            0.505150                   1
          179.543573            0.520000                   1
          195.498250            0.504840                   1
          207.477958            0.520010                   1
          219.472710            0.504950                   1
          225.457518            0.514990                   1
          233.437370            0.519990                   1
          241.422161            0.505050                   1
          251.401972            0.519990                   1
          255.386847            0.520060                   1
          257.386840            0.504930                   1
          259.371825            0.504960                   1
          267.351591            0.510050                   1
          273.336437            0.510000                   1
          275.321459            0.519940                   1
          279.321440            0.504850                   1
          285.291202            0.504960                   1
          289.276069            0.520030                   1
          291.261082            0.519960                   1
          293.246082            0.509810                   1
          295.230916            0.520020                   1
          299.215901            0.519960                   1
          305.215773            0.504970                   1
          309.200622            0.504960                   1
          313.185574            0.504930                   1
          315.170479            0.520080                   1
          321.155407            0.519940                   1
          323.140364            0.519920                   1
          333.135170            0.504860                   1
          339.119957            0.504960                   1
          341.104979            0.519970                   1
