           14.017328             0.51995                   1
           23.972048             0.51999                   1
           29.966981             0.50491                   1
           61.871210             0.52001                   1
           79.820857             0.50992                   1
           89.765597             0.52002                   1
          111.725130             0.50498                   1
          113.700020             0.52004                   1
          145.614372             0.50994                   1
          179.543573             0.52000                   1
          195.498250             0.50484                   1
          219.472710             0.50495                   1
          225.457518             0.51499                   1
          241.422161             0.50505                   1
          251.401972             0.51999                   1
          259.371825             0.50496                   1
          273.336437             0.51000                   1
          279.321440             0.50485                   1
          295.230916             0.52002                   1
          313.185574             0.50493                   1
