           39.949150            0.520000                   1
           87.833049            0.509920                   1
           93.792931            0.514950                   1
           95.777885            0.519980                   1
          101.772727            0.505000                   1
          127.702179            0.514950                   1
          139.676886            0.504990                   1
          159.611479            0.504970                   1
          193.520751            0.504860                   1
          219.435082            0.520010                   1
          259.354213            0.504960                   1
          275.313937            0.504860                   1
          283.283654            0.520010                   1
          285.268614            0.520010                   1
          299.228447            0.509800                   1
          317.192851            0.505020                   1
          321.162797            0.520000                   1
          339.097329            0.515070                   1
