            8.031567             0.87209                   1
           17.986233             0.54115                   1
           31.970966             0.51594                   1
           53.925408             0.66487                   1
           63.880230             0.67770                   1
           65.870163             0.90372                   1
           67.855079             0.66273                   1
          127.703773             0.78820                   1
          139.673511             0.82608                   1
          179.582579             0.76379                   1
          185.557470             0.65269                   1
          209.481935             0.68746                   1
          219.451683             0.86141                   1
          223.436619             0.89236                   1
          247.375983             0.68025                   1
          261.320734             0.67906                   1
          267.305741             0.62994                   1
          275.265461             0.81392                   1
          301.214885             0.69576                   1
          305.204750             0.71376                   1
          309.174669             0.59972                   1
          323.159371             0.59858                   1
