           16.001311             0.51997                   1
           73.839982             0.52002                   1
           79.839878             0.50496                   1
           91.809588             0.50494                   1
           93.794479             0.52008                   1
          103.764290             0.51998                   1
          121.733901             0.50503                   1
          123.718784             0.50504                   1
          155.643110             0.50502                   1
          163.627965             0.50499                   1
          167.612920             0.51997                   1
          191.527320             0.52004                   1
          193.527336             0.50501                   1
          195.512294             0.50489                   1
          197.487197             0.51997                   1
          215.466796             0.51996                   1
          225.426587             0.52000                   1
          249.366050             0.50495                   1
          257.335874             0.51998                   1
          287.260213             0.50494                   1
          331.144244             0.50490                   1
          335.114128             0.51997                   1
