          113.747426            1.513480    1
          115.737392            1.513480    1
          177.571011            0.999440    1
          207.495368            1.513480    1
          209.480330            1.513480    1
          211.465262            0.736140    1
          235.409726            1.513480    1
          267.334171            1.513480    1
          297.243329            0.699470    1
          307.213088            1.049320    1
          329.127622            1.513480    1
