            8.031567            0.872090                   1
           14.016375            0.599120                   1
           16.001311            0.742080                   1
           17.986233            0.541150                   1
           23.971110            0.748070                   1
           31.970966            0.515940                   1
           41.955714            0.570900                   1
           45.940628            0.985870                   1
           53.925408            0.664870                   1
           55.910416            0.767750                   1
           57.895348            0.630800                   1
           63.880230            0.677700                   1
           65.870163            0.903720                   1
           67.855079            0.662730                   1
           73.839982            0.869670                   1
           79.839878            0.613560                   1
           85.824744            0.796500                   1
           91.809588            0.643470                   1
           93.794479            0.690560                   1
          103.764290            0.688410                   1
          105.749233            0.679400                   1
          109.749199            0.775320                   1
          121.733901            0.678230                   1
          123.718784            0.749290                   1
          127.703773            0.788200                   1
          139.673511            0.826080                   1
          147.658391            1.224970                   1
          153.658210            0.672950                   1
          155.643110            0.711990                   1
          163.627965            1.094900                   1
          167.612920            0.837820                   1
          175.597711            1.012770                   1
          179.582579            0.763790                   1
          181.567560            0.746740                   1
          185.557470            0.652690                   1
          187.542423            0.699690                   1
          191.527320            0.818660                   1
          193.527336            0.866570                   1
          195.512294            0.641560                   1
          197.487197            0.706600                   1
          209.481935            0.687460                   1
          215.466796            0.750450                   1
          219.451683            0.861410                   1
          223.436619            0.892360                   1
          225.426587            0.894380                   1
          229.411426            1.101390                   1
          247.375983            0.680250                   1
          249.366050            0.714120                   1
          255.350902            0.761090                   1
          257.335874            0.784040                   1
          261.320734            0.679060                   1
          267.305741            0.629940                   1
          275.265461            0.813920                   1
          287.260213            0.858790                   1
          301.214885            0.695760                   1
          305.204750            0.713760                   1
          307.189739            1.032650                   1
          309.174669            0.599720                   1
          323.159371            0.598580                   1
          331.144244            0.797460                   1
          333.129176            0.900410                   1
          335.114128            0.763440                   1
            8.034860            0.932840                   1
           12.019711            0.555870                   1
           16.004591            0.618880                   1
           19.989512            0.545820                   1
           25.974403            0.688740                   1
           27.974344            0.912720                   1
           47.938898            0.699570                   1
           49.923811            0.778580                   1
           51.913757            0.756570                   1
           61.908563            0.569490                   1
           63.893559            1.072390                   1
           81.848170            0.653260                   1
          113.767465            0.588930                   1
          119.737316            0.874910                   1
          139.676793            0.838860                   1
          143.661728            0.685780                   1
          147.661667            0.773700                   1
          153.641538            0.841620                   1
          155.631449            0.739680                   1
          191.535687            0.794370                   1
          195.505559            0.776340                   1
          235.424700            0.607950                   1
          241.409530            0.798920                   1
          257.374283            0.801670                   1
          259.349094            0.754810                   1
          277.298731            1.116590                   1
          289.268499            0.586540                   1
          321.172723            0.889260                   1
          323.162728            0.571240                   1
          325.147596            0.690290                   1
          337.117373            0.568160                   1
          339.102328            0.719170                   1
            8.029004            0.570670                   1
           16.013874            0.625540                   1
           20.008742            0.630540                   1
           29.988514            0.682470                   1
           31.988485            0.554410                   1
           35.973384            0.561400                   1
           45.953145            0.653320                   1
           47.938044            0.700390                   1
           49.923074            0.603300                   1
           59.912866            0.653190                   1
           61.897742            0.532230                   1
           63.882750            0.579170                   1
           65.882731            0.683150                   1
           69.867646            0.602100                   1
           71.852593            0.609070                   1
           73.837608            0.560000                   1
           75.822479            0.503040                   1
           87.812210            0.705010                   1
           89.797180            0.567950                   1
           97.781999            0.742910                   1
          101.776923            0.651810                   1
          103.751773            0.636910                   1
          107.746875            0.665720                   1
          115.726560            0.613760                   1
          117.726588            0.669720                   1
          119.711490            0.556690                   1
          123.696399            1.027690                   1
          135.686158            0.709560                   1
          137.671031            0.724600                   1
          147.635856            0.583490                   1
          153.635752            0.631390                   1
          155.620693            0.718410                   1
          163.600521            0.610300                   1
          167.585571            0.897130                   1
          171.580295            0.694270                   1
          173.565316            0.765230                   1
          177.550149            0.684250                   1
          183.530020            0.608210                   1
          189.530003            0.672040                   1
          191.514900            0.591060                   1
          195.494766            0.619080                   1
          197.484724            0.645040                   1
          203.479626            0.537950                   1
          207.459526            0.717940                   1
          209.449466            0.887930                   1
          215.429319            0.739890                   1
          217.414255            1.114970                   1
          225.409042            0.663880                   1
          229.394052            0.806740                   1
          231.378990            0.637740                   1
          233.363933            0.732700                   1
          249.338625            0.781550                   1
          251.323496            0.828620                   1
          263.303262            0.616540                   1
          265.288202            0.567510                   1
          267.273191            0.918420                   1
          271.258059            0.629480                   1
          283.232768            0.686390                   1
          287.217693            0.725360                   1
          293.212585            0.698300                   1
          295.197578            0.649250                   1
          301.182384            0.712230                   1
          307.177257            0.709190                   1
          313.162131            0.692140                   1
          337.101556            0.639980                   1
            8.032486            0.599170                   1
           14.017328            0.678160                   1
           16.002301            0.693130                   1
           17.987181            0.540200                   1
           23.972048            0.667110                   1
           29.966981            0.608020                   1
           31.951981            0.526950                   1
           39.936680            0.662020                   1
           43.921629            0.524930                   1
           45.921588            0.652910                   1
           47.906536            0.491870                   1
           57.886333            0.760310                   1
           61.871210            0.638800                   1
           67.856070            0.789760                   1
           69.856056            0.525700                   1
           77.835894            0.865590                   1
           79.820857            0.584590                   1
           81.805816            0.831600                   1
           83.795728            0.593610                   1
           85.780731            0.592500                   1
           89.765597            0.623550                   1
           99.760400            0.756430                   1
          103.745303            0.659400                   1
          107.730214            0.946340                   1
          111.725130            0.935330                   1
          113.700020            1.072370                   1
          115.684976            0.895320                   1
          121.679888            0.980270                   1
          125.649776            0.810250                   1
          129.634691            0.793190                   1
          137.634514            0.889130                   1
          145.614372            0.589000                   1
          149.599269            0.788000                   1
          157.584143            0.666870                   1
          165.578841            0.543950                   1
          167.563821            0.838890                   1
          179.543573            1.170760                   1
          195.498250            0.575590                   1
          207.477958            0.715490                   1
          219.472710            1.008380                   1
          225.457518            0.807370                   1
          233.437370            0.843280                   1
          241.422161            0.666240                   1
          251.401972            0.718140                   1
          255.386847            0.613140                   1
          257.386840            1.229070                   1
          259.371825            0.788010                   1
          267.351591            0.712040                   1
          273.336437            0.782990                   1
          275.321459            0.821910                   1
          279.321440            0.565880                   1
          285.291202            0.819840                   1
          289.276069            0.570930                   1
          291.261082            0.817770                   1
          293.246082            0.552800                   1
          295.230916            0.775840                   1
          299.215901            0.622800                   1
          305.215773            0.630740                   1
          309.200622            1.077700                   1
          313.185574            0.652690                   1
          315.170479            0.619750                   1
          321.155407            0.698620                   1
          323.140364            0.665600                   1
          333.135170            0.614470                   1
          339.119957            0.789480                   1
          341.104979            0.660420                   1
