           16.013874             0.62554                   1
           65.882731             0.68315                   1
           71.852593             0.60907                   1
           75.822479             0.50304                   1
           87.812210             0.70501                   1
           97.781999             0.74291                   1
          117.726588             0.66972                   1
          137.671031             0.72460                   1
          147.635856             0.58349                   1
          153.635752             0.63139                   1
          163.600521             0.61030                   1
          173.565316             0.76523                   1
          195.494766             0.61908                   1
          207.459526             0.71794                   1
          217.414255             1.11497                   1
          229.394052             0.80674                   1
          249.338625             0.78155                   1
          271.258059             0.62948                   1
          287.217693             0.72536                   1
          295.197578             0.64925                   1
