           45.921588             0.65291                   1
           57.886333             0.76031                   1
           67.856070             0.78976                   1
           81.805816             0.83160                   1
           83.795728             0.59361                   1
           99.760400             0.75643                   1
          125.649776             0.81025                   1
          129.634691             0.79319                   1
          137.634514             0.88913                   1
          149.599269             0.78800                   1
          165.578841             0.54395                   1
          207.477958             0.71549                   1
          267.351591             0.71204                   1
          285.291202             0.81984                   1
          291.261082             0.81777                   1
          293.246082             0.55280                   1
          299.215901             0.62280                   1
          309.200622             1.07770                   1
          315.170479             0.61975                   1
          323.140364             0.66560                   1
          339.119957             0.78948                   1
          341.104979             0.66042                   1
