           39.949150            0.777580                   1
           87.833049            0.844150                   1
           93.792931            0.684140                   1
           95.777885            0.595100                   1
          101.772727            0.752050                   1
          127.702179            0.837820                   1
          139.676886            0.886710                   1
          159.611479            0.695520                   1
          193.520751            1.185200                   1
          219.435082            0.766040                   1
          259.354213            1.109750                   1
          275.313937            0.853460                   1
          283.283654            0.795510                   1
          285.268614            0.730470                   1
          299.228447            0.738250                   1
          317.192851            0.933260                   1
          321.162797            0.675270                   1
          339.097329            0.804130                   1
