            8.029004             0.50998                   1
           29.988514             0.52003                   1
           45.953145             0.51497                   1
           49.923074             0.51997                   1
           61.897742             0.52001                   1
           73.837608             0.51992                   1
          103.751773             0.51506                   1
          107.746875             0.50480                   1
          115.726560             0.51997                   1
          119.711490             0.50495                   1
          135.686158             0.50496                   1
          155.620693             0.50500                   1
          171.580295             0.50494                   1
          177.550149             0.52016                   1
          189.530003             0.50498                   1
          225.409042             0.50504                   1
          233.363933             0.52001                   1
          251.323496             0.52002                   1
          267.273191             0.51998                   1
          293.212585             0.50998                   1
          307.177257             0.50514                   1
          337.101556             0.51998                   1
