            8.032486             0.59917                   1
           16.002301             0.69313                   1
           17.987181             0.54020                   1
           31.951981             0.52695                   1
           39.936680             0.66202                   1
           43.921629             0.52493                   1
           47.906536             0.49187                   1
           69.856056             0.52570                   1
           77.835894             0.86559                   1
           85.780731             0.59250                   1
          103.745303             0.65940                   1
          107.730214             0.94634                   1
          115.684976             0.89532                   1
          121.679888             0.98027                   1
          157.584143             0.66687                   1
          167.563821             0.83889                   1
          233.437370             0.84328                   1
          255.386847             0.61314                   1
          257.386840             1.22907                   1
          275.321459             0.82191                   1
          289.276069             0.57093                   1
          305.215773             0.63074                   1
          321.155407             0.69862                   1
          333.135170             0.61447                   1
