          263.305708            1.513480    1
          289.245141            1.513480    1
           71.863423            1.513450    1
          131.692011            1.513450    1
          165.596253            1.513450    1
          183.565826            1.513450    1
          185.550829            1.513450    1
          207.500316            1.513450    1
          209.485216            1.513450    1
          215.460175            1.513450    1
          253.389325            1.513450    1
          273.328867            1.513450    1
          309.207989            1.513450    1
          319.187728            1.513450    1
          321.126897            1.513440    1
          325.126864            1.513440    1
