           12.009716             0.52003                   1
           16.004603             0.51004                   1
           47.943968             0.50501                   1
           51.913797             0.50502                   1
           63.878620             0.51997                   1
           69.873463             0.50492                   1
           89.818028             0.50995                   1
           91.802962             0.50994                   1
          123.717254             0.50494                   1
          143.661773             0.51998                   1
          153.641621             0.50489                   1
          167.591260             0.50496                   1
          191.535778             0.50493                   1
          195.505593             0.52000                   1
          229.424936             0.50991                   1
          241.404566             0.50500                   1
          249.384407             0.50997                   1
          257.369233             0.50498                   1
          277.298843             0.50493                   1
          323.147745             0.51994                   1
          337.107464             0.51993                   1
