           14.016375             0.51997                   1
           23.971110             0.52003                   1
           41.955714             0.50497                   1
           45.940628             0.50497                   1
           55.910416             0.51996                   1
           57.895348             0.51000                   1
           85.824744             0.50490                   1
          105.749233             0.52005                   1
          109.749199             0.50498                   1
          147.658391             0.51993                   1
          153.658210             0.50489                   1
          175.597711             0.51999                   1
          181.567560             0.51996                   1
          187.542423             0.52001                   1
          229.411426             0.52003                   1
          255.350902             0.52000                   1
          307.189739             0.52003                   1
          333.129176             0.51996                   1
