          101.779384            1.105430    1
          131.688691            0.819170    1
          231.396418            1.212300    1
          237.396307            0.716250    1
          271.280531            1.302950    1
          299.229953            0.736730    1
           39.954168            0.892540    1
           87.842966            1.513450    1
           93.802855            1.513450    1
           95.787802            1.513450    1
          101.772734            1.513450    1
          115.752380            1.043980    1
          127.707125            1.513450    1
          159.616371            1.513450    1
          177.580999            1.513450    1
          193.520625            1.017370    1
          211.475254            1.513450    1
          219.445045            1.513450    1
          267.343996            1.513450    1
          275.313753            0.781630    1
          283.283583            1.513450    1
          285.283541            1.513450    1
          297.253283            1.513450    1
          299.238244            1.513450    1
          307.223108            1.513450    1
          317.202825            1.513450    1
          145.650913            0.864480    1
          239.358737            0.761730    1
          279.252899            0.594410    1
          315.147098            1.513440    1
          235.437351            1.051270    1
          281.306402            0.540850    1
