           16.001311            0.742080                   1
           73.839982            0.869670                   1
           79.839878            0.613560                   1
           91.809588            0.643470                   1
           93.794479            0.690560                   1
          103.764290            0.688410                   1
          121.733901            0.678230                   1
          123.718784            0.749290                   1
          155.643110            0.711990                   1
          163.627965            1.094900                   1
          167.612920            0.837820                   1
          191.527320            0.818660                   1
          193.527336            0.866570                   1
          195.512294            0.641560                   1
          197.487197            0.706600                   1
          215.466796            0.750450                   1
          225.426587            0.894380                   1
          249.366050            0.714120                   1
          257.335874            0.784040                   1
          287.260213            0.858790                   1
          331.144244            0.797460                   1
          335.114128            0.763440                   1
            8.034860            0.932840                   1
           19.989512            0.545820                   1
           25.974403            0.688740                   1
           27.974344            0.912720                   1
           49.923811            0.778580                   1
           61.908563            0.569490                   1
           81.848170            0.653260                   1
          119.737316            0.874910                   1
          147.661667            0.773700                   1
          155.631449            0.739680                   1
          289.268499            0.586540                   1
          325.147596            0.690290                   1
            8.029004            0.570670                   1
           29.988514            0.682470                   1
           45.953145            0.653320                   1
           49.923074            0.603300                   1
           61.897742            0.532230                   1
           73.837608            0.560000                   1
          103.751773            0.636910                   1
          107.746875            0.665720                   1
          115.726560            0.613760                   1
          119.711490            0.556690                   1
          135.686158            0.709560                   1
          155.620693            0.718410                   1
          171.580295            0.694270                   1
          177.550149            0.684250                   1
          189.530003            0.672040                   1
          225.409042            0.663880                   1
          233.363933            0.732700                   1
          251.323496            0.828620                   1
          267.273191            0.918420                   1
          293.212585            0.698300                   1
          307.177257            0.709190                   1
          337.101556            0.639980                   1
            8.032486            0.599170                   1
           16.002301            0.693130                   1
           17.987181            0.540200                   1
           31.951981            0.526950                   1
           39.936680            0.662020                   1
           43.921629            0.524930                   1
           47.906536            0.491870                   1
           69.856056            0.525700                   1
           77.835894            0.865590                   1
           85.780731            0.592500                   1
          103.745303            0.659400                   1
          107.730214            0.946340                   1
          115.684976            0.895320                   1
          121.679888            0.980270                   1
          157.584143            0.666870                   1
          167.563821            0.838890                   1
          233.437370            0.843280                   1
          255.386847            0.613140                   1
          257.386840            1.229070                   1
          275.321459            0.821910                   1
          289.276069            0.570930                   1
          305.215773            0.630740                   1
          321.155407            0.698620                   1
          333.135170            0.614470                   1
