           14.017328             0.67816                   1
           23.972048             0.66711                   1
           29.966981             0.60802                   1
           61.871210             0.63880                   1
           79.820857             0.58459                   1
           89.765597             0.62355                   1
          111.725130             0.93533                   1
          113.700020             1.07237                   1
          145.614372             0.58900                   1
          179.543573             1.17076                   1
          195.498250             0.57559                   1
          219.472710             1.00838                   1
          225.457518             0.80737                   1
          241.422161             0.66624                   1
          251.401972             0.71814                   1
          259.371825             0.78801                   1
          273.336437             0.78299                   1
          279.321440             0.56588                   1
          295.230916             0.77584                   1
          313.185574             0.65269                   1
