file version= 2.0
gentask.....= PsychoPy
id..........=
operator....=
doctor......=
referral....=
institution.=
subject.....= P19BFa
age.........=
sex.........=
hand........=
medications.=
class.......=
state.......=
label.......=
date........= 2015_Aug_31_0931
time........=
education...=
occupation..=
  Trial  Resp  Type  Correct      Latency    Stim/Resp
  ----- ----- -----    -----        -----        -----
      1     1    19        1   742.257190         Stim
      2     4    28        1   430.007124         Stim
      3     1    18        1   334.984062         Stim
      4     4    26        1   239.937758         Stim
      5     1    17        1   326.855787         Stim
      6     4    16        0   197.941972         Stim
      7     4    27        1   404.818768         Stim
      8     1    16        1   301.985584         Stim
      9     1    15        1   593.746831         Stim
     10     4    15        0   218.700043         Stim
     11     4    27        1   412.830830         Stim
     12     1    16        1   375.815906         Stim
     13     4    27        1   368.833764         Stim
     14     1    18        1   211.871544         Stim
     15     1    18        1   328.950943         Stim
     16     4    28        1   421.048151         Stim
     17     4    26        1   354.595699         Stim
     18     4    25        1   252.866388         Stim
     19     1    27        0   281.935355         Stim
     20     4    26        1   233.270749         Stim
     21     4    27        1   240.008391         Stim
     22     1    18        1   277.086402         Stim
     23     4    28        1   397.416145         Stim
     24     4    26        1   277.838014         Stim
     25     4    27        1   256.978822         Stim
     26     1    18        1   467.474524         Stim
     27     4    26        1   261.304062         Stim
     28     4    27        1   191.752191         Stim
     29     1    16        1   237.449289         Stim
     30     1    15        1   303.122661         Stim
     31     4    27        1   253.072855         Stim
     32     4    28        1   479.440849         Stim
     33     1    16        1   361.502982         Stim
     34     1    17        1   256.533288         Stim
     35     4    26        1   318.033554         Stim
     36     4    27        1   200.482963         Stim
     37     4    26        1   379.403721         Stim
     38     1    17        1   376.717539         Stim
     39     1    16        1   346.769578         Stim
     40     4    17        0   170.544662         Stim
     41     1    18        1   336.545543         Stim
     42     4    28        1   411.172454         Stim
     43     4    28        1   318.474862         Stim
     44     4    18        0   246.142631         Stim
     45     4    26        1   277.279889         Stim
     46     1    15        1   259.816232         Stim
     47     4    27        1   315.484714         Stim
     48     1    16        1   236.413634         Stim
     49     1    27        0   272.841757         Stim
     50     1    18        1   454.749644         Stim
     51     4    18        0   251.882954         Stim
     52     4    18        0   217.075475         Stim
     53     4    18        0   411.832001         Stim
     54     1    16        1   408.119823         Stim
     55     4    27        1   409.520115         Stim
     56     1    28        0   178.966337         Stim
     57     4    26        1   405.198498         Stim
     58     1    17        1   386.731786         Stim
     59     1    16        1   377.183297         Stim
     60     4    25        1   351.448589         Stim
     61     1    15        1   355.905436         Stim
     62     4    25        1   245.205380         Stim
     63     1    27        0   298.270387         Stim
     64     4    28        1   470.340610         Stim
     65     4    26        1   314.769023         Stim
     66     1    15        1   192.108075         Stim
     67     4    25        1   352.570875         Stim
     68     1    17        1   456.959202         Stim
     69     1    16        1   335.090616         Stim
     70     4    27        1   358.693644         Stim
     71     1    16        1   285.275350         Stim
     72     4    25        1   250.618193         Stim
     73     4    25        1   454.003163         Stim
     74     1    17        1   267.407211         Stim
     75     4    18        0   264.049407         Stim
     76     4    26        1   387.835358         Stim
     77     4    27        1   423.819456         Stim
     78     4    28        1   240.884668         Stim
     79     1    26        0   218.598923         Stim
     80     1    17        1   364.959491         Stim
     81     4    28        1   416.354954         Stim
     82     1    28        0   346.283898         Stim
     83     1    16        1   369.608618         Stim
     84     1    15        1   370.816027         Stim
     85     1    17        1   419.426602         Stim
     86     4    26        1   264.258289         Stim
     87     1    15        1   367.197423         Stim
     88     1    15        1   494.369552         Stim
     89     4    25        1   340.961339         Stim
     90     4    25        1   324.831868         Stim
     91     4    27        1   354.858612         Stim
     92     1    16        1   230.468958         Stim
     93     1    25        0   247.737618         Stim
     94     1    25        0   274.671585         Stim
     95     4    25        1   262.644889         Stim
     96     1    15        1   277.834090         Stim
     97     1    17        1   265.428268         Stim
     98     4    26        1   361.870638         Stim
     99     4    15        0   222.507909         Stim
    100     4    25        1   270.588732         Stim
    101     4    27        1   409.959310         Stim
    102     4    26        1   257.976142         Stim
    103     4    25        1   220.916846         Stim
    104     1    17        1   377.043539         Stim
    105     1    16        1   288.883690         Stim
    106     4    25        1   305.960977         Stim
    107     1    25        0   239.034918         Stim
    108     4    15        0   246.698341         Stim
    109     4    27        1   340.751552         Stim
    110     4    26        1   491.383932         Stim
    111     1    15        1   272.627442         Stim
    112     4    27        1   374.724409         Stim
    113     1    16        1   287.835056         Stim
    114     4    27        1   291.812562         Stim
    115     4    26        1   417.102340         Stim
    116     1    17        1   338.334018         Stim
    117     1    16        1   296.954010         Stim
    118     4    17        0   238.097064         Stim
    119     4    16        0   218.521649         Stim
    120     4    25        1   301.004564         Stim
    121     4    25        1   298.059091         Stim
    122     4    17        0   261.184226         Stim
    123     1    28        0   273.809495         Stim
    124     4    28        1   202.944568         Stim
    125     1    16        1   234.342626         Stim
    126     4    25        1   287.612591         Stim
    127     4    25        1   404.636449         Stim
    128     1    15        1   410.846152         Stim
    129     1    17        1   261.773744         Stim
    130     1    16        1   362.758687         Stim
    131     4    27       -1    90.142716         Stim
    132     4    26        1   208.581959         Stim
    133     4    15        0   195.956992         Stim
    134     0    17        0  1467.290000         Stim
    135     1    16        1   294.620994         Stim
    136     4    17        0   255.065683         Stim
    137     4    18        0   228.432059         Stim
    138     4    28        1   403.435379         Stim
    139     4    28        1   681.807672         Stim
    140     1    18        1   234.447671         Stim
    141     4    18        0   279.212649         Stim
    142     4    18        0   272.166212         Stim
    143     1    16        1   419.517761         Stim
    144     4    27        1   257.705078         Stim
    145     4    26        1   349.251407         Stim
    146     1    17        1   344.237038         Stim
    147     4    26        1   323.283367         Stim
    148     1    15        1   305.441791         Stim
    149     1    15        1   382.402924         Stim
    150     1    17        1   413.436647         Stim
    151     1    28        0   244.506894         Stim
    152     4    28        1   432.108317         Stim
    153     1    18        1   343.111432         Stim
    154     1    16        1   454.016143         Stim
    155     1    17        1   542.575946         Stim
    156     1    18        1   410.843435         Stim
