           14.023918             0.51478                   1
           23.976523             0.51473                   1
           61.852644             0.51472                   1
           79.792235             0.51475                   1
           90.025633             0.51493                   1
          111.974411             0.51482                   1
          114.174867             0.51483                   1
          124.142211             0.51479                   1
          146.075385             0.51474                   1
          180.004789             0.51474                   1
          185.979409             0.51477                   1
          189.972908             0.51477                   1
          196.384474             0.51466                   1
          220.345556             0.51474                   1
          226.335859             0.51480                   1
          242.294355             0.51485                   1
          252.278203             0.51475                   1
          260.233967             0.51482                   1
          274.195718             0.51480                   1
          280.170414             0.51492                   1
          296.082136             0.51477                   1
          314.021794             0.51474                   1
