           39.937414             0.51471                   1
           87.797293             0.51481                   1
           93.756399             0.51473                   1
           95.737508             0.51479                   1
          101.727786             0.51473                   1
          115.689469             0.51486                   1
          127.638868             0.51480                   1
          139.619431             0.51482                   1
          159.540336             0.51470                   1
          177.495608             0.51476                   1
          193.423603             0.52964                   1
          211.362631             0.51548                   1
          219.333924             0.51484                   1
          259.238050             0.51467                   1
          267.225068             0.51475                   1
          275.180872             0.51474                   1
          283.152340             0.51478                   1
          285.134475             0.52933                   1
          297.114098             0.51472                   1
          299.095241             0.51479                   1
          307.082308             0.51473                   1
          317.050501             0.51472                   1
          321.013313             0.52985                   1
