           15.992224             0.51487                   1
           73.820355             0.51483                   1
           79.794964             0.51488                   1
           91.775640             0.51475                   1
           93.756879             0.51467                   1
          103.724971             0.51481                   1
          121.961057             0.51477                   1
          123.942211             0.51475                   1
          155.859244             0.51475                   1
          163.846244             0.51479                   1
          167.824199             0.51476                   1
          192.237687             0.51487                   1
          194.234483             0.51486                   1
          196.215594             0.51481                   1
          198.196797             0.51477                   1
          216.167619             0.51483                   1
          226.120250             0.51478                   1
          250.050224             0.51479                   1
          258.021646             0.51484                   1
          264.136817             0.51470                   1
          288.066676             0.51479                   1
          290.047810             0.51476                   1
          331.933079             0.51480                   1
          335.895759             0.51543                   1
