           16.017502             0.56602                   1
           66.155008             0.53928                   1
           72.114031             0.57193                   1
           76.092072             0.51489                   1
           88.072607             0.57288                   1
           98.040817             0.42844                   1
          117.961618             0.54704                   1
          145.885070             0.47878                   1
          147.881814             0.51512                   1
          163.824751             0.47465                   1
          173.777464             0.54578                   1
          195.710539             0.37995                   1
          207.659991             0.47015                   1
          217.706172             0.48772                   1
          229.686693             0.48284                   1
          239.779774             0.46150                   1
          249.763582             0.51742                   1
          271.665457             0.51092                   1
          279.652577             0.45160                   1
          287.624001             0.55997                   1
          295.595449             0.54828                   1
          315.531889             0.68328                   1
