            8.020543             0.47518                   1
           19.985357             0.57405                   1
           25.960059             0.39917                   1
           27.956793             0.45838                   1
           49.905580             0.51697                   1
           61.870615             0.55161                   1
           81.806936             0.53471                   1
          119.668045             0.75257                   1
          131.632468             0.65181                   1
          147.590914             0.58892                   1
          155.546788             0.67281                   1
          165.515276             0.49606                   1
          183.470235             0.66857                   1
          185.467003             0.67177                   1
          207.400201             0.83397                   1
          209.381376             0.44479                   1
          253.263372             0.42556                   1
          273.199771             0.50459                   1
          309.063450             0.53594                   1
          319.031669             0.54343                   1
          324.990738             0.38417                   1
