            8.020543             0.51493                   1
           19.985357             0.51480                   1
           25.960059             0.51471                   1
           27.956793             0.51487                   1
           49.905580             0.51481                   1
           61.870615             0.51475                   1
           81.806936             0.51481                   1
          119.668045             0.52980                   1
          131.632468             0.51475                   1
          147.590914             0.51481                   1
          155.546788             0.51477                   1
          165.515276             0.51541                   1
          183.470235             0.51482                   1
          185.467003             0.51481                   1
          207.400201             0.51481                   1
          209.381376             0.51477                   1
          253.263372             0.51471                   1
          273.199771             0.51478                   1
          309.063450             0.51485                   1
          319.031669             0.51472                   1
          324.990738             0.51488                   1
