           20.011140             0.51472                   1
           31.976129             0.51479                   1
           35.954482             0.51530                   1
           47.934620             0.51476                   1
           59.899583             0.51469                   1
           64.158350             0.51469                   1
           70.132962             0.51472                   1
           90.053801             0.51478                   1
          102.034294             0.51477                   1
          123.936350             0.51480                   1
          167.818305             0.51480                   1
          191.716995             0.51507                   1
          203.682004             0.51486                   1
          209.750347             0.51473                   1
          215.724992             0.51477                   1
          231.808375             0.51477                   1
          255.738242             0.51478                   1
          263.709647             0.51513                   1
          265.706448             0.51479                   1
          283.646145             0.51478                   1
          301.585721             0.51475                   1
          313.550803             0.51472                   1
