           16.017502             0.51493                   1
           66.155008             0.51487                   1
           72.114031             0.51489                   1
           76.092072             0.51476                   1
           88.072607             0.51485                   1
           98.040817             0.51480                   1
          117.961618             0.51482                   1
          145.885070             0.51482                   1
          147.881814             0.51486                   1
          163.824751             0.51480                   1
          173.777464             0.51537                   1
          195.710539             0.51482                   1
          207.659991             0.51471                   1
          217.706172             0.51485                   1
          229.686693             0.51481                   1
          239.779774             0.51474                   1
          249.763582             0.51475                   1
          271.665457             0.51482                   1
          279.652577             0.51480                   1
          287.624001             0.51481                   1
          295.595449             0.51483                   1
          315.531889             0.51477                   1
