file version= 2.0
gentask.....= PsychoPy
id..........=
operator....=
doctor......=
referral....=
institution.=
subject.....= P19C1BEH
age.........=
sex.........=
hand........=
medications.=
class.......=
state.......=
label.......=
date........= 2015_Sep_04_1352
time........=
education...=
occupation..=
  Trial  Resp  Type  Correct      Latency    Stim/Resp
  ----- ----- -----    -----        -----        -----
      1     1    19        1   501.729324         Stim
      2     6    18        0   393.941194         Stim
      3     6    28        1   333.926309         Stim
      4     1    28        0   337.903396         Stim
      5     6    26        1   504.241904         Stim
      6     1    15        1   324.155266         Stim
      7     1    17        1   384.262207         Stim
      8     6    26        1   401.487022         Stim
      9     1    15        1   364.965499         Stim
     10     1    15        1   326.212229         Stim
     11     6    25        1   278.923835         Stim
     12     1    17        1   479.735922         Stim
     13     6    26        1   379.340608         Stim
     14     1    25        0   263.300988         Stim
     15     1    17        1   517.693028         Stim
     16     1    18        1   516.120605         Stim
     17     6    26        1   312.025276         Stim
     18     6    27        1   564.060858         Stim
     19     1    28        0   426.458574         Stim
     20     1    18        1   510.378896         Stim
     21     6    26        1   407.615306         Stim
     22     1    15        1   419.180517         Stim
     23     6    25        1   380.402056         Stim
     24     1    15        1   431.970452         Stim
     25     1    15        1   446.306376         Stim
     26     1    17        1   452.709274         Stim
     27     1    16        1   384.727465         Stim
     28     6    25        1   412.681520         Stim
     29     6    27        1   349.928268         Stim
     30     1    16        1   406.669551         Stim
     31     0    15        0  1465.793000         Stim
     32     6    17        0   402.976719         Stim
     33     6    26        1   441.422098         Stim
     34     6    27        1   426.644241         Stim
     35     6    26        1   504.621637         Stim
     36     1    17        1   412.514201         Stim
     37     6    26        1   560.567068         Stim
     38     1    15        1   406.910577         Stim
     39     6    17        0   288.103665         Stim
     40     6    28        1   462.129819         Stim
     41     6    28        1   546.117629         Stim
     42     1    16        1   358.090501         Stim
     43     6    25        1   410.080304         Stim
     44     1    15        1   384.455027         Stim
     45     1    17        1  1398.790329         Stim
     46     0    18        0  1465.793000         Stim
     47     1    16        1   397.994476         Stim
     48     6    27        1   388.435224         Stim
     49     1    18        1   357.512349         Stim
     50     6    18        0   339.564144         Stim
     51     6    28        1   276.692400         Stim
     52     6    26        1   336.344346         Stim
     53     1    15        1   398.536241         Stim
     54     6    25        1   437.070254         Stim
     55     1    15        1   382.264644         Stim
     56     6    25        1   495.052433         Stim
     57     1    17        1   448.574509         Stim
     58     1    18        1   263.038192         Stim
     59     6    26        1   336.130999         Stim
     60     1    15        1   408.986201         Stim
     61     6    27        1   476.612224         Stim
     62     1    18        1   477.724054         Stim
     63     6    26        1   430.514966         Stim
     64     1    15        1   628.573135         Stim
     65     6    27        1   480.569717         Stim
     66     1    18        1   337.705288         Stim
     67     6    28        1   378.566526         Stim
     68     1    28        0   430.049085         Stim
     69     6    26        1   530.036054         Stim
     70     1    27        0   355.183259         Stim
     71     1    16        1   425.185956         Stim
     72     6    27        1   498.405962         Stim
     73     6    28        1   544.370112         Stim
     74     6    28        1   433.583928         Stim
     75     1    16        1   367.513534         Stim
     76     1    17        1   581.952772         Stim
     77     6    26        1   375.126539         Stim
     78     0    15        0  1465.793000         Stim
     79     6    27        1   446.354892         Stim
     80     1    18        1   337.874162         Stim
     81     1    16        1   384.279623         Stim
     82     6    25        1   390.726683         Stim
     83     0    25        0  1465.793000         Stim
     84     1    17        1   429.856264         Stim
     85     6    28        1   372.174513         Stim
     86     1    16        1   405.344373         Stim
     87     1    15        1   395.281610         Stim
     88     6    17        0   543.336965         Stim
     89     1    16        1   467.324787         Stim
     90     6    27        1   289.799245         Stim
     91     1    16        1   410.892017         Stim
     92     0    15        0  1465.793000         Stim
     93     1    15        1   423.248416         Stim
     94     6    25        1   619.226608         Stim
     95     1    15        1   393.635169         Stim
     96     1    17        1   551.968499         Stim
     97     1    16        1   505.153450         Stim
     98     1    15        1   428.782376         Stim
     99     6    15        0   358.015238         Stim
    100     1    17        1   542.697546         Stim
    101     6    28        1   484.708525         Stim
    102     1    16        1   416.655808         Stim
    103     1    17        1   364.747176         Stim
    104     6    26        1   240.703000         Stim
    105     6    25        1   399.020470         Stim
    106     6    27        1   472.269399         Stim
    107     6    28        1   566.255595         Stim
    108     1    18        1   519.406025         Stim
    109     1    18        1   525.430434         Stim
    110     6    26        1   417.387594         Stim
    111     1    17        1   423.761258         Stim
    112     6    28        1   459.745371         Stim
    113     6    26        1   402.168738         Stim
    114     1    15        1   342.137059         Stim
    115     6    27        1   500.551872         Stim
    116     1    18        1   797.650011         Stim
    117     6    28        1   611.679224         Stim
    118     6    28        1   524.873741         Stim
    119     1    16        1   424.486824         Stim
    120     1    15        1   460.513233         Stim
    121     6    27        1   485.607008         Stim
    122     6    28        1   451.571008         Stim
    123     6    26        1   393.983179         Stim
    124     6    27        1   614.049055         Stim
    125     6    26        1   481.945899         Stim
    126     6    25        1   421.894938         Stim
    127     6    27        1   447.099429         Stim
    128     1    16        1   727.894250         Stim
    129     6    27        1   451.458737         Stim
    130     1    18        1   481.867215         Stim
    131     1    16        1  1016.289323         Stim
    132     6    25        1   353.414905         Stim
    133     6    27        1   466.292884         Stim
    134     6    26        1   400.215026         Stim
    135     6    25        1   521.365023         Stim
    136     1    17        1   458.246033         Stim
    137     6    26        1   386.930288         Stim
    138     6    25        1   688.989522         Stim
    139     6    27        1   607.282908         Stim
    140     6    28        1   472.504517         Stim
    141     1    18        1   476.128617         Stim
    142     6    26        1   357.331035         Stim
    143     6    27        1   499.296359         Stim
    144     6    26        1   449.664880         Stim
    145     6    27        1   562.866612         Stim
    146     1    18        1   606.425477         Stim
    147     6    26        1   842.416494         Stim
    148     6    25        1   518.365414         Stim
    149     1    17        1   532.790905         Stim
    150     1    18        1   568.782171         Stim
    151     6    28        1   276.653214         Stim
    152     1    16        1   496.730286         Stim
    153     6    17        0   327.099827         Stim
    154     6    18        0   336.318533         Stim
    155     1    16        1   497.068034         Stim
    156     6    17        0   353.845331         Stim
