            8.030721             0.51475                   1
           29.994957             0.51475                   1
           45.953419             0.51477                   1
           49.915777             0.51480                   1
           61.880703             0.51478                   1
           74.095647             0.51535                   1
          104.015536             0.51473                   1
          107.993446             0.51479                   1
          115.980512             0.51475                   1
          119.958438             0.51478                   1
          135.916943             0.51475                   1
          155.838255             0.51527                   1
          171.796245             0.51478                   1
          177.770901             0.51483                   1
          189.735887             0.51472                   1
          225.693176             0.51479                   1
          233.789477             0.51473                   1
          251.744733             0.51472                   1
          267.687540             0.51485                   1
          293.614365             0.51473                   1
          307.560487             0.51472                   1
          321.522190             0.51477                   1
          325.500093             0.51480                   1
          337.496293             0.51484                   1
