           12.013990             0.51466                   1
           47.924412             0.51481                   1
           51.886763             0.51475                   1
           63.851704             0.51519                   1
           69.842022             0.51470                   1
           89.778434             0.51473                   1
           91.759764             0.51544                   1
          113.708394             0.51479                   1
          123.660982             0.51477                   1
          143.597397             0.51484                   1
          153.565603             0.51478                   1
          167.511813             0.51473                   1
          191.441716             0.51474                   1
          195.419657             0.51479                   1
          229.317776             0.51478                   1
          241.298375             0.51479                   1
          257.241202             0.51520                   1
          277.177664             0.51475                   1
          323.009598             0.51476                   1
          328.968648             0.51482                   1
