           20.011140             0.49226                   1
           31.976129             0.54295                   1
           35.954482             0.50045                   1
           47.934620             0.66401                   1
           59.899583             0.56272                   1
           64.158350             0.51483                   1
           70.132962             0.56103                   1
           90.053801             0.51491                   1
          102.034294             0.43481                   1
          123.936350             0.45219                   1
          167.818305             0.46495                   1
          191.716995             0.52564                   1
          203.682004             0.51497                   1
          209.750347             0.60379                   1
          215.724992             0.49297                   1
          231.808375             0.46511                   1
          255.738242             0.47860                   1
          263.709647             0.57094                   1
          265.706448             0.69412                   1
          283.646145             0.53791                   1
          301.585721             0.43783                   1
          313.550803             0.60840                   1
