           14.023918             0.47965                   1
           23.976523             0.51484                   1
           61.852644             0.54554                   1
           79.792235             0.68548                   1
           90.025633             0.76379                   1
          111.974411             0.47039                   1
          114.174867             0.50190                   1
          124.142211             0.53429                   1
          146.075385             0.51489                   1
          180.004789             0.43811                   1
          185.979409             0.71934                   1
          189.972908             0.47774                   1
          196.384474             0.54602                   1
          220.345556             0.58426                   1
          226.335859             0.71380                   1
          242.294355             0.51498                   1
          252.278203             0.62674                   1
          260.233967             0.51876                   1
          274.195718             0.72458                   1
          280.170414             0.52571                   1
          296.082136             0.37357                   1
          314.021794             0.51487                   1
