            8.033787             0.45392                   1
           16.005056             0.54645                   1
           18.001844             0.43758                   1
           31.947933             0.54710                   1
           39.934977             0.57585                   1
           43.912900             0.64582                   1
           47.890881             0.51572                   1
           69.824034             0.67794                   1
           77.811120             0.61060                   1
           86.047802             0.66970                   1
          104.002941             0.57809                   1
          107.980968             0.64797                   1
          116.170819             0.58591                   1
          122.145444             0.79513                   1
          158.040337             0.51521                   1
          168.008548             0.49869                   1
          234.323092             0.63837                   1
          256.256104             0.60074                   1
          258.252783             0.57199                   1
          276.177531             0.66275                   1
          290.123048             0.50089                   1
          306.050396             0.53302                   1
          321.993235             0.58975                   1
          333.958243             0.52041                   1
