           14.011115             0.56445                   1
           23.963674             0.48359                   1
           41.934574             0.47218                   1
           45.928109             0.43053                   1
           55.896276             0.53407                   1
           57.877441             0.48090                   1
           85.785332             0.50017                   1
          105.986999             0.49797                   1
          109.980475             0.51492                   1
          131.913666             0.57859                   1
          147.887729             0.58809                   1
          153.878057             0.52558                   1
          175.811205             0.43981                   1
          181.785940             0.58489                   1
          188.259859             0.49486                   1
          230.113804             0.46379                   1
          232.094991             0.42648                   1
          238.069578             0.59575                   1
          256.024896             0.53592                   1
          272.092546             0.37183                   1
          300.032146             0.51151                   1
          307.987472             0.56391                   1
          333.914212             0.50041                   1
