            8.033787             0.51477                   1
           16.005056             0.51478                   1
           18.001844             0.51477                   1
           31.947933             0.51478                   1
           39.934977             0.51485                   1
           43.912900             0.51481                   1
           47.890881             0.51477                   1
           69.824034             0.51481                   1
           77.811120             0.51479                   1
           86.047802             0.51470                   1
          104.002941             0.51482                   1
          107.980968             0.51472                   1
          116.170819             0.51481                   1
          122.145444             0.51476                   1
          158.040337             0.51479                   1
          168.008548             0.51479                   1
          234.323092             0.51461                   1
          256.256104             0.51472                   1
          258.252783             0.51491                   1
          276.177531             0.52974                   1
          290.123048             0.51479                   1
          306.050396             0.51473                   1
          321.993235             0.51481                   1
          333.958243             0.51472                   1
