           45.909674             0.74497                   1
           57.874674             0.52364                   1
           67.842863             0.64318                   1
           81.789028             0.63264                   1
           83.770200             0.46739                   1
          126.123377             0.54506                   1
          130.101325             0.67906                   1
          138.088408             0.56368                   1
          150.053283             0.64648                   1
          166.027441             0.50384                   1
          208.365014             0.93315                   1
          236.304066             1.07329                   1
          268.221059             0.60345                   1
          282.151649             0.52045                   1
          286.145164             0.57483                   1
          292.104204             0.47958                   1
          300.060121             0.64350                   1
          310.028263             0.51503                   1
          316.002959             0.73219                   1
          323.974434             0.56051                   1
          339.948480             0.46601                   1
          341.929712             0.78071                   1
