           14.011115             0.51474                   1
           23.963674             0.51482                   1
           41.934574             0.51478                   1
           45.928109             0.51478                   1
           55.896276             0.51481                   1
           57.877441             0.51485                   1
           85.785332             0.51479                   1
          105.986999             0.51473                   1
          109.980475             0.51472                   1
          131.913666             0.51478                   1
          147.887729             0.51479                   1
          153.878057             0.51471                   1
          175.811205             0.51477                   1
          181.785940             0.51480                   1
          188.259859             0.51468                   1
          230.113804             0.51483                   1
          232.094991             0.51479                   1
          238.069578             0.51480                   1
          256.024896             0.51479                   1
          272.092546             0.51510                   1
          300.032146             0.52981                   1
          307.987472             0.51478                   1
          333.914212             0.51471                   1
