           15.992224             0.41523                   1
           73.820355             0.40950                   1
           79.794964             0.47478                   1
           91.775640             0.42970                   1
           93.756879             0.67244                   1
          103.724971             0.40006                   1
          121.961057             0.39547                   1
          123.942211             0.47823                   1
          155.859244             0.48836                   1
          163.846244             0.45311                   1
          167.824199             0.49104                   1
          192.237687             0.51694                   1
          194.234483             0.44009                   1
          196.215594             0.46689                   1
          198.196797             0.46166                   1
          216.167619             0.51496                   1
          226.120250             0.66543                   1
          250.050224             0.51492                   1
          258.021646             0.51496                   1
          264.136817             0.45579                   1
          288.066676             0.60524                   1
          290.047810             0.50408                   1
          331.933079             0.48962                   1
          335.895759             0.43890                   1
