           39.937414             0.42936                   1
           87.797293             0.58418                   1
           93.756399             0.58493                   1
           95.737508             0.60376                   1
          101.727786             0.62135                   1
          115.689469             0.53928                   1
          127.638868             0.92552                   1
          139.619431             0.55263                   1
          159.540336             0.66316                   1
          177.495608             0.45144                   1
          193.423603             0.53014                   1
          211.362631             0.50344                   1
          219.333924             0.56394                   1
          259.238050             0.59472                   1
          267.225068             0.43146                   1
          275.180872             0.57944                   1
          283.152340             0.39174                   1
          285.134475             0.43357                   1
          297.114098             0.46962                   1
          299.095241             0.60042                   1
          307.082308             0.40512                   1
          317.050501             0.47666                   1
          321.013313             0.76971                   1
