           45.909674             0.51483                   1
           57.874674             0.51477                   1
           67.842863             0.51483                   1
           81.789028             0.51482                   1
           83.770200             0.51470                   1
          126.123377             0.51479                   1
          130.101325             0.51472                   1
          138.088408             0.51468                   1
          150.053283             0.51503                   1
          166.027441             0.51475                   1
          208.365014             0.51475                   1
          236.304066             0.51478                   1
          268.221059             0.51479                   1
          282.151649             0.51473                   1
          286.145164             0.51476                   1
          292.104204             0.51479                   1
          300.060121             0.51470                   1
          310.028263             0.51477                   1
          316.002959             0.51477                   1
          323.974434             0.51475                   1
          339.948480             0.51484                   1
          341.929712             0.51473                   1
