            8.020989             0.51479                   1
           17.988989             0.51483                   1
           31.950762             0.51478                   1
           53.899847             0.51468                   1
           63.867729             0.51483                   1
           65.848889             0.51480                   1
           67.830029             0.51481                   1
          127.935726             0.51478                   1
          139.900697             0.51480                   1
          179.789134             0.51479                   1
          185.763847             0.51479                   1
          210.177371             0.51479                   1
          220.145565             0.51482                   1
          224.139099             0.51477                   1
          248.053851             0.51523                   1
          261.999591             0.51478                   1
          268.114654             0.51478                   1
          276.086096             0.51484                   1
          302.028406             0.51477                   1
          306.006326             0.51478                   1
          309.984280             0.51475                   1
          319.968108             0.51470                   1
          323.946002             0.51480                   1
          341.885638             0.51480                   1
