            8.020989             0.42674                   1
           17.988989             0.38643                   1
           31.950762             0.36028                   1
           53.899847             0.45058                   1
           63.867729             0.59443                   1
           65.848889             0.60526                   1
           67.830029             0.47198                   1
          127.935726             0.58866                   1
          139.900697             0.51493                   1
          179.789134             0.48582                   1
          185.763847             0.39890                   1
          210.177371             0.48873                   1
          220.145565             0.72028                   1
          224.139099             0.70260                   1
          248.053851             0.49918                   1
          261.999591             0.49705                   1
          268.114654             0.70983                   1
          276.086096             0.43416                   1
          302.028406             0.51512                   1
          306.006326             0.50506                   1
          309.984280             0.62304                   1
          319.968108             0.51487                   1
          323.946002             0.44493                   1
          341.885638             0.44079                   1
