           12.013990             0.41759                   1
           47.924412             0.38618                   1
           51.886763             0.41573                   1
           63.851704             0.45048                   1
           69.842022             0.67594                   1
           89.778434             0.64302                   1
           91.759764             0.55762                   1
          113.708394             0.58439                   1
          123.660982             0.73550                   1
          143.597397             0.63054                   1
          153.565603             0.53406                   1
          167.511813             0.52345                   1
          191.441716             0.49693                   1
          195.419657             0.62285                   1
          229.317776             0.50782                   1
          241.298375             0.43890                   1
          257.241202             0.55964                   1
          277.177664             0.55060                   1
          323.009598             0.71741                   1
          328.968648             0.43819                   1
