            8.030721             0.45701                   1
           29.994957             0.73216                   1
           45.953419             0.56523                   1
           49.915777             0.49081                   1
           61.880703             0.50153                   1
           74.095647             0.57426                   1
          104.015536             0.53355                   1
          107.993446             0.62750                   1
          115.980512             0.42420                   1
          119.958438             0.46219                   1
          135.916943             0.47920                   1
          155.838255             0.46136                   1
          171.796245             0.61492                   1
          177.770901             0.40007                   1
          189.735887             0.49874                   1
          225.693176             0.58850                   1
          233.789477             0.50794                   1
          251.744733             0.57623                   1
          267.687540             0.50494                   1
          293.614365             0.49740                   1
          307.560487             0.58291                   1
          321.522190             0.57279                   1
          325.500093             0.56278                   1
          337.496293             0.44631                   1
