            8.029999             0.51493                   1
           10.026652             0.51474                   1
           41.990421             0.51480                   1
           47.965116             0.51475                   1
           57.917725             0.51478                   1
           85.825555             0.51478                   1
           93.765841             0.51481                   1
           95.762673             0.51471                   1
          117.695847             0.51470                   1
          139.628972             0.51478                   1
          165.571264             0.51481                   1
          177.520703             0.51521                   1
          203.462952             0.51478                   1
          217.424595             0.51482                   1
          227.392902             0.51476                   1
          241.323727             0.51527                   1
          267.265714             0.51474                   1
          273.256024             0.51480                   1
          285.205390             0.51475                   1
          295.189182             0.51475                   1
          309.150948             0.51479                   1
          319.119155             0.51481                   1
          331.052928             0.51477                   1
          339.024336             0.51483                   1
