           26.031976             0.51473                   1
           30.009848             0.51484                   1
           31.991915             0.52950                   1
           49.946296             0.51521                   1
           59.914503             0.51476                   1
           81.863301             0.51476                   1
           89.803512             0.51481                   1
          111.705485             0.51481                   1
          129.660727             0.51484                   1
          135.651049             0.51476                   1
          151.625114             0.51482                   1
          153.606299             0.51480                   1
          157.584246             0.51477                   1
          167.552446             0.51475                   1
          187.504490             0.51474                   1
          239.342306             0.51468                   1
          251.307274             0.51479                   1
          275.237159             0.51482                   1
          277.218430             0.51539                   1
          305.158009             0.51526                   1
          313.128857             0.51479                   1
          323.097119             0.51531                   1
          337.043239             0.51480                   1
