            8.020622             0.51482                   1
           13.995208             0.51478                   1
           21.982294             0.51473                   1
           35.929317             0.52941                   1
           37.925143             0.51470                   1
           71.838854             0.51477                   1
           97.796760             0.51480                   1
          107.749425             0.51474                   1
          111.727309             0.51485                   1
          117.701977             0.51491                   1
          131.663770             0.51469                   1
          159.555952             0.51481                   1
          163.534403             0.51523                   1
          167.511898             0.51473                   1
          179.476832             0.51478                   1
          189.429437             0.51477                   1
          205.387925             0.51482                   1
          209.381462             0.51476                   1
          257.225735             0.51484                   1
          265.197179             0.51480                   1
          279.143307             0.51479                   1
          303.385298             0.51470                   1
          313.337855             0.51479                   1
