           14.004534             0.45102                   1
           16.048170             0.46334                   1
           51.943043             0.56747                   1
           67.885920             0.55213                   1
           75.872936             0.60490                   1
           83.844425             0.40913                   1
           87.822377             0.40713                   1
           91.784654             0.43674                   1
          105.746405             0.52260                   1
          107.727593             0.51734                   1
          173.542752             0.62037                   1
          179.517384             0.54157                   1
          199.485035             0.51504                   1
          207.456511             0.40171                   1
          213.431148             0.57886                   1
          225.411731             0.73394                   1
          229.374092             0.69145                   1
          237.361096             0.40827                   1
          245.316947             0.58020                   1
          255.285191             0.69169                   1
          301.179502             0.53209                   1
          325.093915             0.79302                   1
          327.075031             0.41986                   1
          341.021142             0.45734                   1
