           10.016600             0.51471                   1
           43.914721             0.51480                   1
           65.863463             0.51479                   1
           67.844650             0.51474                   1
           85.799836             0.51487                   1
           91.774566             0.51512                   1
          117.685712             0.51472                   1
          131.647440             0.51482                   1
          157.589707             0.51477                   1
          165.529956             0.51514                   1
          167.526761             0.51470                   1
          177.494956             0.51487                   1
          181.457233             0.51485                   1
          189.444354             0.51478                   1
          197.415778             0.51478                   1
          203.390423             0.51484                   1
          231.313964             0.51476                   1
          245.244451             0.51471                   1
          259.206263             0.51472                   1
          261.187404             0.51472                   1
          271.171193             0.51477                   1
          289.407280             0.51471                   1
          325.286535             0.51468                   1
