           10.017334             0.45431                   1
           23.963410             0.61187                   1
           45.912187             0.59847                   1
           55.895988             0.43836                   1
           57.877136             0.45720                   1
           65.864189             0.34989                   1
          105.768227             0.48475                   1
          109.746143             0.47475                   1
          121.695561             0.52500                   1
          129.682602             0.57774                   1
          147.622243             0.52557                   1
          153.596917             0.60675                   1
          155.593723             0.87387                   1
          177.495737             0.51489                   1
          201.409948             0.65636                   1
          217.322006             0.58393                   1
          241.267250             0.51495                   1
          273.184285             0.60007                   1
          293.120691             0.56711                   1
          297.410667             0.55705                   1
          307.378837             0.62054                   1
          323.306024             0.84489                   1
          327.299652             0.44320                   1
          335.286654             0.45602                   1
