           10.017334             0.51470                   1
           23.963410             0.51478                   1
           45.912187             0.51475                   1
           55.895988             0.51485                   1
           57.877136             0.51478                   1
           65.864189             0.51482                   1
          105.768227             0.51481                   1
          109.746143             0.51471                   1
          121.695561             0.51480                   1
          129.682602             0.51479                   1
          147.622243             0.51480                   1
          153.596917             0.51476                   1
          155.593723             0.51474                   1
          177.495737             0.51476                   1
          201.409948             0.51487                   1
          217.322006             0.51533                   1
          241.267250             0.51479                   1
          273.184285             0.51470                   1
          293.120691             0.51479                   1
          297.410667             0.51463                   1
          307.378837             0.51476                   1
          323.306024             0.51506                   1
          327.299652             0.51472                   1
          335.286654             0.51482                   1
