           10.023107             0.51477                   1
           14.500198             0.51476                   1
           38.445863             0.51471                   1
           74.340671             0.51477                   1
           80.315292             0.51494                   1
           84.308864             0.51474                   1
           86.290019             0.51479                   1
           94.230274             0.51481                   1
          116.116669             0.51541                   1
          128.066031             0.51478                   1
          138.049817             0.51481                   1
          167.970079             0.51482                   1
          169.951199             0.51477                   1
          181.931798             0.51483                   1
          193.881194             0.51475                   1
          241.741101             0.51477                   1
          249.712497             0.51483                   1
          261.661925             0.51477                   1
          267.652156             0.51481                   1
          277.636009             0.51477                   1
          289.600942             0.51482                   1
          317.493221             0.51483                   1
          341.469994             0.51478                   1
