            8.019952             0.51506                   1
           23.978297             0.51482                   1
           33.946530             0.51470                   1
           41.933531             0.51481                   1
           47.908222             0.51480                   1
           93.771377             0.51477                   1
          115.704544             0.51481                   1
          125.657147             0.51477                   1
          159.570918             0.51476                   1
          163.548841             0.51478                   1
          173.501400             0.51479                   1
          193.422457             0.51542                   1
          199.396917             0.51477                   1
          213.374274             0.51482                   1
          215.355451             0.51479                   1
          221.345731             0.51478                   1
          241.282117             0.51483                   1
          285.133240             0.51539                   1
          293.385160             0.51485                   1
          313.337149             0.51479                   1
          315.333936             0.51472                   1
          321.308599             0.51478                   1
          327.267725             0.51473                   1
