            8.029999             0.58574                   1
           10.026652             0.38102                   1
           41.990421             0.49636                   1
           47.965116             0.57750                   1
           57.917725             0.50456                   1
           85.825555             0.51598                   1
           93.765841             0.43150                   1
           95.762673             0.44255                   1
          117.695847             0.52482                   1
          139.628972             0.51104                   1
          165.571264             0.58408                   1
          177.520703             0.61028                   1
          203.462952             0.62730                   1
          217.424595             0.51498                   1
          227.392902             0.62472                   1
          241.323727             0.45356                   1
          267.265714             0.63882                   1
          273.256024             0.48034                   1
          285.205390             0.63466                   1
          295.189182             0.45058                   1
          309.150948             0.48839                   1
          319.119155             0.42396                   1
          331.052928             0.45783                   1
          339.024336             0.51820                   1
