           18.003613             0.51486                   1
           27.971878             0.53932                   1
           53.882925             0.61154                   1
           55.879702             0.47873                   1
           73.820199             0.56175                   1
           81.806401             0.58333                   1
          103.755132             0.51492                   1
          109.729807             0.53910                   1
          121.679229             0.54138                   1
          143.627993             0.73598                   1
          147.606410             0.58146                   1
          179.476153             0.56680                   1
          229.317177             0.55643                   1
          235.291916             0.64554                   1
          243.263322             0.68194                   1
          247.225612             0.90344                   1
          251.219148             0.44586                   1
          277.161482             0.67081                   1
          287.129643             0.48637                   1
          297.378683             0.60508                   1
          309.359282             0.53613                   1
          323.305327             0.49369                   1
          339.248298             0.67830                   1
          341.230515             0.57603                   1
