            8.026460             0.51492                   1
           12.519140             0.51466                   1
           32.455467             0.51481                   1
           46.417189             0.51480                   1
           58.382197             0.51478                   1
           70.362722             0.51474                   1
           88.271251             0.51475                   1
          106.179627             0.51480                   1
          108.176445             0.51478                   1
          112.154344             0.51480                   1
          114.135580             0.51468                   1
          120.110178             0.51486                   1
          124.088090             0.51480                   1
          140.031022             0.51485                   1
          150.014771             0.51481                   1
          159.983026             0.51481                   1
          183.912965             0.51482                   1
          205.815000             0.51481                   1
          213.802021             0.51475                   1
          227.779353             0.51479                   1
          255.702784             0.51483                   1
          293.594490             0.51479                   1
          299.553543             0.51481                   1
          303.547067             0.51477                   1
