            8.020622             0.53110                   1
           13.995208             0.44435                   1
           21.982294             0.56902                   1
           35.929317             0.50956                   1
           37.925143             0.52174                   1
           71.838854             0.47107                   1
           97.796760             0.58442                   1
          107.749425             0.47947                   1
          111.727309             0.60552                   1
          117.701977             0.55868                   1
          131.663770             0.54049                   1
          159.555952             0.83154                   1
          163.534403             0.51693                   1
          167.511898             0.45141                   1
          179.476832             0.60608                   1
          189.429437             0.61321                   1
          205.387925             0.70229                   1
          209.381462             0.70863                   1
          257.225735             0.66307                   1
          265.197179             0.85935                   1
          279.143307             0.50488                   1
          303.385298             0.67016                   1
          313.337855             0.74136                   1
