           20.490443             0.51483                   1
           24.468407             0.51477                   1
           40.426953             0.51479                   1
           48.398362             0.51482                   1
           72.359483             0.51484                   1
           90.267959             0.51481                   1
           92.249109             0.51474                   1
           96.211456             0.51477                   1
          102.201715             0.51475                   1
          126.084857             0.51481                   1
          158.001825             0.51487                   1
          177.938304             0.51478                   1
          189.887697             0.51526                   1
          197.859166             0.51469                   1
          199.855863             0.51482                   1
          203.833786             0.51483                   1
          243.722218             0.51476                   1
          259.680744             0.51480                   1
          281.613822             0.51487                   1
          297.572388             0.51485                   1
          307.525067             0.51472                   1
          313.515319             0.51481                   1
          329.473991             0.51537                   1
