           18.003613             0.51472                   1
           27.971878             0.51469                   1
           53.882925             0.51475                   1
           55.879702             0.51473                   1
           73.820199             0.52950                   1
           81.806401             0.51476                   1
          103.755132             0.51480                   1
          109.729807             0.51482                   1
          121.679229             0.51476                   1
          143.627993             0.51477                   1
          147.606410             0.52984                   1
          179.476153             0.51470                   1
          229.317177             0.51475                   1
          235.291916             0.51469                   1
          243.263322             0.51477                   1
          247.225612             0.51492                   1
          251.219148             0.51476                   1
          277.161482             0.51474                   1
          287.129643             0.51487                   1
          297.378683             0.51476                   1
          309.359282             0.51475                   1
          323.305327             0.51482                   1
          339.248298             0.51475                   1
          341.230515             0.52929                   1
