           26.031976             0.86326                   1
           30.009848             0.45330                   1
           31.991915             0.47915                   1
           49.946296             0.61227                   1
           59.914503             0.53977                   1
           81.863301             0.43035                   1
           89.803512             0.38591                   1
          111.705485             0.52333                   1
          129.660727             0.61560                   1
          135.651049             0.46512                   1
          151.625114             0.63458                   1
          153.606299             0.41337                   1
          157.584246             0.56330                   1
          167.552446             0.60282                   1
          187.504490             0.51488                   1
          239.342306             0.45903                   1
          251.307274             0.47773                   1
          275.237159             0.53915                   1
          277.218430             0.53385                   1
          305.158009             0.44951                   1
          313.128857             0.36642                   1
          323.097119             0.44589                   1
          337.043239             0.46735                   1
