           27.957033             0.33009                   1
           83.835106             0.43447                   1
           93.818872             0.53045                   1
          103.787117             0.47393                   1
          137.654029             0.53408                   1
          141.631949             0.47601                   1
          157.574882             0.62064                   1
          165.530750             0.41657                   1
          181.458469             0.60837                   1
          187.448324             0.59436                   1
          191.426256             0.88835                   1
          211.362638             0.62345                   1
          215.340582             0.51739                   1
          229.317858             0.58775                   1
          235.292538             0.57288                   1
          239.286118             0.51516                   1
          247.257560             0.49552                   1
          255.244641             0.54822                   1
          261.203672             0.63701                   1
          277.162180             0.53407                   1
          281.140141             0.51491                   1
          295.101860             0.45792                   1
          311.356723             0.79452                   1
          317.331435             0.45169                   1
