           10.023107             0.48055                   1
           14.500198             0.44336                   1
           38.445863             0.51491                   1
           74.340671             0.40921                   1
           80.315292             0.48241                   1
           84.308864             0.44873                   1
           86.290019             0.76352                   1
           94.230274             0.46304                   1
          116.116669             0.48006                   1
          128.066031             0.45036                   1
          138.049817             0.47428                   1
          167.970079             0.48120                   1
          169.951199             0.61203                   1
          181.931798             0.49504                   1
          193.881194             0.52136                   1
          241.741101             0.42011                   1
          249.712497             0.60847                   1
          261.661925             0.59473                   1
          267.652156             0.56434                   1
          277.636009             0.54020                   1
          289.600942             0.55890                   1
          317.493221             0.50584                   1
          341.469994             0.55245                   1
