            8.019952             0.72384                   1
           23.978297             0.70100                   1
           33.946530             0.62049                   1
           41.933531             0.61731                   1
           47.908222             0.56239                   1
           93.771377             0.71401                   1
          115.704544             0.54021                   1
          125.657147             0.55532                   1
          159.570918             0.54464                   1
          163.548841             0.63859                   1
          173.501400             0.56574                   1
          193.422457             0.62014                   1
          199.396917             0.64546                   1
          213.374274             0.53179                   1
          215.355451             0.66248                   1
          221.345731             0.55214                   1
          241.282117             0.45516                   1
          285.133240             0.55485                   1
          293.385160             0.55071                   1
          313.337149             0.56615                   1
          315.333936             0.58533                   1
          321.308599             0.57847                   1
          327.267725             0.63518                   1
