           20.490443             0.47695                   1
           24.468407             0.45886                   1
           40.426953             0.69988                   1
           48.398362             0.45621                   1
           72.359483             0.49448                   1
           90.267959             0.48148                   1
           92.249109             0.62028                   1
           96.211456             0.52183                   1
          102.201715             0.55541                   1
          126.084857             0.81561                   1
          158.001825             0.45772                   1
          177.938304             0.66470                   1
          189.887697             0.53896                   1
          197.859166             0.56730                   1
          199.855863             0.47452                   1
          203.833786             0.64849                   1
          243.722218             0.59897                   1
          259.680744             0.53599                   1
          281.613822             0.53828                   1
          297.572388             0.61926                   1
          307.525067             0.52228                   1
          313.515319             0.52387                   1
          329.473991             0.57278                   1
