           14.004534             0.51488                   1
           16.048170             0.51476                   1
           51.943043             0.51477                   1
           67.885920             0.51480                   1
           75.872936             0.51483                   1
           83.844425             0.51479                   1
           87.822377             0.51479                   1
           91.784654             0.51483                   1
          105.746405             0.51474                   1
          107.727593             0.51478                   1
          173.542752             0.51476                   1
          179.517384             0.51479                   1
          199.485035             0.51477                   1
          207.456511             0.51476                   1
          213.431148             0.51479                   1
          225.411731             0.51478                   1
          229.374092             0.51479                   1
          237.361096             0.51479                   1
          245.316947             0.51480                   1
          255.285191             0.51476                   1
          301.179502             0.51482                   1
          325.093915             0.51474                   1
          327.075031             0.51476                   1
          341.021142             0.51477                   1
