           27.957033             0.51466                   1
           83.835106             0.51472                   1
           93.818872             0.51478                   1
          103.787117             0.51477                   1
          137.654029             0.51477                   1
          141.631949             0.51482                   1
          157.574882             0.51472                   1
          165.530750             0.51472                   1
          181.458469             0.51531                   1
          187.448324             0.51475                   1
          191.426256             0.51480                   1
          211.362638             0.51478                   1
          215.340582             0.51482                   1
          229.317858             0.51476                   1
          235.292538             0.51497                   1
          239.286118             0.51479                   1
          247.257560             0.51478                   1
          255.244641             0.51473                   1
          261.203672             0.51475                   1
          277.162180             0.51478                   1
          281.140141             0.51476                   1
          295.101860             0.51478                   1
          311.356723             0.51481                   1
          317.331435             0.51478                   1
