            8.026460             0.69325                   1
           12.519140             0.33648                   1
           32.455467             0.35158                   1
           46.417189             0.45347                   1
           58.382197             0.44814                   1
           70.362722             0.49929                   1
           88.271251             0.54225                   1
          106.179627             0.44937                   1
          108.176445             0.43652                   1
          112.154344             0.53846                   1
          114.135580             0.51721                   1
          120.110178             0.47041                   1
          124.088090             0.54839                   1
          140.031022             0.70902                   1
          150.014771             0.62102                   1
          159.983026             0.54043                   1
          183.912965             0.56187                   1
          205.815000             0.52323                   1
          213.802021             0.53596                   1
          227.779353             0.56626                   1
          255.702784             0.62604                   1
          293.594490             0.51727                   1
          299.553543             0.64607                   1
          303.547067             0.50040                   1
