           10.016600             0.51908                   1
           43.914721             0.57205                   1
           65.863463             0.62267                   1
           67.844650             0.66550                   1
           85.799836             0.49374                   1
           91.774566             0.60682                   1
          117.685712             0.44698                   1
          131.647440             0.58087                   1
          157.589707             0.54187                   1
          165.529956             0.50550                   1
          167.526761             0.48453                   1
          177.494956             0.73209                   1
          181.457233             0.65769                   1
          189.444354             0.67035                   1
          197.415778             0.53072                   1
          203.390423             0.54791                   1
          231.313964             0.55161                   1
          245.244451             0.55673                   1
          259.206263             0.39454                   1
          261.187404             0.37335                   1
          271.171193             0.52525                   1
          289.407280             0.96864                   1
          325.286535             0.49644                   1
