            8.021848             0.89794                   1
           23.980317             0.65906                   1
           33.948495             0.46662                   1
           41.935541             0.78338                   1
           47.910307             0.64848                   1
           93.773532             0.62407                   1
          115.706821             0.65824                   1
          125.659352             0.59347                   1
          149.605041             0.58316                   1
          159.573268             0.46269                   1
          163.551212             0.53265                   1
          173.519447             0.58815                   1
          193.440238             0.61886                   1
          199.399371             0.63558                   1
          213.376753             0.76185                   1
          215.357974             0.60463                   1
          221.348268             0.87813                   1
          241.284754             0.60524                   1
          285.291687             0.52519                   1
          293.247472             0.68120                   1
          313.199592             0.69656                   1
          315.180727             0.66737                   1
          321.171032             0.52494                   1
          327.114552             0.57326                   1
