           10.018585             0.51468                   1
           43.916745             0.51473                   1
           65.865592             0.51479                   1
           67.846737             0.51482                   1
           85.802073             0.51476                   1
          113.725626             0.51475                   1
          117.687921             0.51518                   1
          131.649676             0.51482                   1
          157.592059             0.51481                   1
          165.547962             0.51480                   1
          167.529192             0.51474                   1
          177.497372             0.51482                   1
          181.459710             0.51534                   1
          189.446737             0.51477                   1
          197.418229             0.51477                   1
          203.392942             0.51479                   1
          231.316532             0.51473                   1
          259.349215             0.51474                   1
          261.330395             0.51480                   1
          271.314194             0.51479                   1
          289.253939             0.51478                   1
