           27.962681             0.48453                   1
           83.840960             0.51688                   1
           93.824852             0.56473                   1
          103.793059             0.51492                   1
          137.644462             0.64801                   1
          141.638031             0.75035                   1
          157.580993             0.63899                   1
          165.521237             0.56252                   1
          181.464163             0.45128                   1
          187.454509             0.47676                   1
          191.416776             0.54640                   1
          211.353280             0.62542                   1
          215.346822             0.45576                   1
          229.308591             0.55763                   1
          235.298919             0.64715                   1
          239.276907             0.58907                   1
          255.235368             0.71023                   1
          261.210105             0.68732                   1
          277.168695             0.68835                   1
          281.130998             0.61395                   1
          295.108337             0.62025                   1
          311.035669             0.66051                   1
          317.010398             0.68560                   1
