            8.019176             0.58858                   1
           10.015818             0.51492                   1
           41.917342             0.73755                   1
           47.907577             0.54719                   1
           57.860239             0.54627                   1
           85.768206             0.67759                   1
           93.708443             0.44113                   1
           96.001697             0.55582                   1
          117.934844             0.65417                   1
          139.883746             0.80869                   1
          165.810478             0.74531                   1
          177.775556             0.56394                   1
          203.702646             0.74820                   1
          217.664059             0.65042                   1
          227.632327             0.60992                   1
          241.578436             0.67947                   1
          267.505189             0.82403                   1
          273.495562             0.60953                   1
          285.444980             0.64378                   1
          295.428740             0.57179                   1
          309.390634             0.92954                   1
          319.358800             0.68114                   1
          331.292626             1.01100                   1
          339.264102             0.71139                   1
