           13.993765             0.51483                   1
           15.974895             0.51481                   1
           51.869929             0.51477                   1
           67.828500             0.51473                   1
           75.815549             0.51483                   1
           83.786993             0.51475                   1
           87.749367             0.51473                   1
           91.712302             0.52978                   1
          105.985439             0.51485                   1
          107.966627             0.51478                   1
          179.756621             0.51489                   1
          207.695801             0.51479                   1
          213.686156             0.51468                   1
          225.651133             0.51479                   1
          229.613443             0.51477                   1
          245.556387             0.51478                   1
          255.524675             0.51474                   1
          301.419108             0.51475                   1
          325.333524             0.51480                   1
          327.314658             0.51482                   1
