           10.025044             0.51490                   1
           14.408598             0.51479                   1
           38.354224             0.51481                   1
           74.249259             0.51478                   1
           80.224108             0.51541                   1
           84.217450             0.51484                   1
           86.198684             0.51475                   1
           94.138940             0.51476                   1
          116.025787             0.51542                   1
          127.974792             0.51481                   1
          137.958622             0.51473                   1
          167.878871             0.51488                   1
          169.860110             0.51474                   1
          181.840721             0.51474                   1
          193.946087             0.51477                   1
          233.819107             0.51471                   1
          241.806108             0.51484                   1
          249.777595             0.51477                   1
          261.726941             0.51489                   1
          267.717312             0.51482                   1
          277.701155             0.51474                   1
          289.666135             0.51480                   1
          317.558533             0.51479                   1
          341.535338             0.51477                   1
