            8.019176             0.51496                   1
           10.015818             0.51478                   1
           41.917342             0.51474                   1
           47.907577             0.51478                   1
           57.860239             0.51482                   1
           85.768206             0.51474                   1
           93.708443             0.51486                   1
           96.001697             0.51477                   1
          117.934844             0.51482                   1
          139.883746             0.51476                   1
          165.810478             0.51479                   1
          177.775556             0.51472                   1
          203.702646             0.51537                   1
          217.664059             0.51483                   1
          227.632327             0.51477                   1
          241.578436             0.51483                   1
          267.505189             0.51479                   1
          273.495562             0.51476                   1
          285.444980             0.51475                   1
          295.428740             0.51482                   1
          309.390634             0.51478                   1
          319.358800             0.51476                   1
          331.292626             0.51478                   1
          339.264102             0.51473                   1
