           13.993765             0.56581                   1
           15.974895             0.46461                   1
           51.869929             0.53671                   1
           67.828500             0.74575                   1
           75.815549             0.66250                   1
           83.786993             0.55485                   1
           87.749367             0.68036                   1
           91.712302             0.56533                   1
          105.985439             0.77986                   1
          107.966627             0.77460                   1
          179.756621             0.69483                   1
          207.695801             0.81896                   1
          213.686156             0.54041                   1
          225.651133             0.71913                   1
          229.613443             0.78073                   1
          245.556387             1.02143                   1
          255.524675             0.56486                   1
          301.419108             0.85327                   1
          325.333524             0.79426                   1
          327.314658             0.58115                   1
