            8.028490             0.51488                   1
           12.427479             0.51478                   1
           32.363913             0.51478                   1
           46.325737             0.51477                   1
           58.290753             0.51475                   1
           70.271309             0.51476                   1
           88.179813             0.51478                   1
          106.088341             0.51474                   1
          108.085053             0.51478                   1
          114.044285             0.51471                   1
          120.018924             0.51481                   1
          123.996851             0.51477                   1
          139.939837             0.51479                   1
          149.923532             0.51489                   1
          159.891882             0.51480                   1
          183.977936             0.51473                   1
          205.879870             0.51473                   1
          213.866967             0.51477                   1
          227.844383             0.51476                   1
          255.753242             0.52946                   1
          293.659682             0.51483                   1
          299.618843             0.51472                   1
          303.612357             0.51478                   1
