           10.025044             0.48665                   1
           14.408598             0.41503                   1
           38.354224             0.51680                   1
           74.249259             1.02882                   1
           80.224108             0.60584                   1
           84.217450             0.53243                   1
           86.198684             0.51916                   1
           94.138940             0.43468                   1
          116.025787             0.42727                   1
          127.974792             0.46196                   1
          137.958622             0.70192                   1
          167.878871             0.68491                   1
          169.860110             0.57560                   1
          181.840721             1.15466                   1
          193.946087             0.54506                   1
          233.819107             0.54301                   1
          241.806108             0.78034                   1
          249.777595             0.50412                   1
          261.726941             0.73846                   1
          267.717312             0.59596                   1
          277.701155             0.73988                   1
          289.666135             0.71055                   1
          317.558533             0.56150                   1
          341.535338             0.60006                   1
