            8.026333             0.52541                   1
           14.000912             0.60667                   1
           21.988039             0.68335                   1
           35.934147             0.52890                   1
           71.844776             0.50536                   1
           97.802744             0.59476                   1
          107.755407             0.51488                   1
          111.733248             0.60789                   1
          117.708028             0.52895                   1
          131.669789             0.61486                   1
          159.562131             0.72980                   1
          163.540027             0.61583                   1
          167.518025             0.48570                   1
          189.435619             0.49560                   1
          205.394235             0.81655                   1
          209.372132             0.55058                   1
          257.216987             0.85651                   1
          265.188034             0.49328                   1
          279.149816             0.88311                   1
          303.064642             0.53573                   1
          313.032421             1.07163                   1
          336.946862             0.62870                   1
