           10.022977             0.51493                   1
           23.969157             0.80621                   1
           45.917911             0.69685                   1
           55.901783             0.45673                   1
           57.882984             0.53151                   1
           65.870098             0.52817                   1
          105.774237             0.71903                   1
          109.736573             0.48463                   1
          121.701567             0.48732                   1
          129.673898             0.49079                   1
          147.612934             0.70329                   1
          153.603052             0.62503                   1
          177.501843             0.65364                   1
          201.400667             0.58628                   1
          217.327999             0.78648                   1
          241.273636             0.56830                   1
          273.175117             0.62601                   1
          293.111581             1.08899                   1
          297.089500             0.71903                   1
          307.057723             1.15852                   1
          323.000684             0.78320                   1
