            8.028490             0.65126                   1
           12.427479             0.42017                   1
           32.363913             0.45124                   1
           46.325737             0.46510                   1
           58.290753             0.66779                   1
           70.271309             0.66293                   1
           88.179813             0.58592                   1
          106.088341             0.48497                   1
          108.085053             0.56823                   1
          114.044285             0.64085                   1
          120.018924             0.54600                   1
          123.996851             0.57602                   1
          139.939837             0.68066                   1
          149.923532             0.61671                   1
          159.891882             0.85610                   1
          183.977936             0.48140                   1
          205.879870             0.46690                   1
          213.866967             0.71167                   1
          227.844383             0.51489                   1
          255.753242             0.59234                   1
          293.659682             0.97295                   1
          299.618843             0.66963                   1
          303.612357             0.68407                   1
