            8.021848             0.51484                   1
           23.980317             0.51473                   1
           33.948495             0.51480                   1
           41.935541             0.51480                   1
           47.910307             0.51471                   1
           93.773532             0.51472                   1
          115.706821             0.51473                   1
          125.659352             0.51479                   1
          149.605041             0.51477                   1
          159.573268             0.51477                   1
          163.551212             0.51510                   1
          173.519447             0.51480                   1
          193.440238             0.51485                   1
          199.399371             0.51522                   1
          213.376753             0.51485                   1
          215.357974             0.51476                   1
          221.348268             0.51473                   1
          241.284754             0.51475                   1
          285.291687             0.51471                   1
          293.247472             0.51477                   1
          313.199592             0.51476                   1
          315.180727             0.51476                   1
          321.171032             0.51477                   1
          327.114552             0.51467                   1
