           18.005530             0.61003                   1
           27.973797             0.65752                   1
           53.884927             0.64965                   1
           55.881731             0.44482                   1
           73.837068             0.64106                   1
           81.809142             0.58075                   1
          103.757353             0.58400                   1
          109.747655             0.54557                   1
          121.681447             0.45948                   1
          143.630283             0.56608                   1
          179.478528             1.16494                   1
          229.335316             0.46694                   1
          235.294390             1.01966                   1
          243.265928             0.75991                   1
          247.384284             0.70544                   1
          251.362179             0.58357                   1
          277.304563             0.51490                   1
          287.272755             0.54406                   1
          297.225390             0.40718                   1
          309.206024             0.53826                   1
          323.152212             0.53568                   1
          339.110787             0.60875                   1
          341.091930             0.57153                   1
