            8.026333             0.51487                   1
           14.000912             0.51483                   1
           21.988039             0.51466                   1
           35.934147             0.51528                   1
           71.844776             0.51479                   1
           97.802744             0.51480                   1
          107.755407             0.51475                   1
          111.733248             0.51483                   1
          117.708028             0.51473                   1
          131.669789             0.51476                   1
          159.562131             0.51473                   1
          163.540027             0.51484                   1
          167.518025             0.51478                   1
          189.435619             0.51472                   1
          205.394235             0.51481                   1
          209.372132             0.51473                   1
          257.216987             0.51544                   1
          265.188034             0.51479                   1
          279.149816             0.51476                   1
          303.064642             0.52997                   1
          313.032421             0.51478                   1
          336.946862             0.51480                   1
