           10.022977             0.51480                   1
           23.969157             0.51480                   1
           45.917911             0.51482                   1
           55.901783             0.51487                   1
           57.882984             0.51480                   1
           65.870098             0.51476                   1
          105.774237             0.51475                   1
          109.736573             0.51473                   1
          121.701567             0.51490                   1
          129.673898             0.52953                   1
          147.612934             0.51544                   1
          153.603052             0.51483                   1
          177.501843             0.51479                   1
          201.400667             0.51478                   1
          217.327999             0.51483                   1
          241.273636             0.51479                   1
          273.175117             0.51478                   1
          293.111581             0.51480                   1
          297.089500             0.51481                   1
          307.057723             0.51482                   1
          323.000684             0.51481                   1
