           10.018585             0.51487                   1
           43.916745             1.16215                   1
           65.865592             0.56477                   1
           67.846737             0.42350                   1
           85.802073             0.81177                   1
          113.725626             0.83149                   1
          117.687921             0.50109                   1
          131.649676             0.70700                   1
          157.592059             0.57996                   1
          165.547962             0.47181                   1
          167.529192             0.45863                   1
          177.497372             0.57813                   1
          181.459710             0.47975                   1
          189.446737             0.66845                   1
          197.418229             0.52884                   1
          203.392942             0.53796                   1
          231.316532             0.60570                   1
          259.349215             0.58830                   1
          261.330395             0.60706                   1
          271.314194             0.45501                   1
          289.253939             0.43482                   1
