           27.962681             0.51481                   1
           83.840960             0.51477                   1
           93.824852             0.51476                   1
          103.793059             0.51479                   1
          137.644462             0.51481                   1
          141.638031             0.51477                   1
          157.580993             0.51482                   1
          165.521237             0.51536                   1
          181.464163             0.51480                   1
          187.454509             0.51480                   1
          191.416776             0.51483                   1
          211.353280             0.51518                   1
          215.346822             0.51480                   1
          229.308591             0.51482                   1
          235.298919             0.51475                   1
          239.276907             0.51540                   1
          255.235368             0.51482                   1
          261.210105             0.51482                   1
          277.168695             0.51478                   1
          281.130998             0.51477                   1
          295.108337             0.51477                   1
          311.035669             0.51473                   1
          317.010398             0.51475                   1
