           20.399064             0.51468                   1
           24.377189             0.51540                   1
           40.335421             0.51474                   1
           48.306905             0.51475                   1
           72.268078             0.51480                   1
           90.176614             0.51486                   1
           92.157721             0.51484                   1
           96.120115             0.51475                   1
          102.110373             0.51481                   1
          125.993552             0.51484                   1
          157.910716             0.51477                   1
          177.847140             0.51480                   1
          189.952534             0.51516                   1
          197.924023             0.51481                   1
          203.898720             0.51480                   1
          219.857291             0.51480                   1
          243.787301             0.51471                   1
          259.745813             0.51479                   1
          281.679082             0.51475                   1
          297.637581             0.51481                   1
          307.590261             0.51473                   1
          313.580546             0.51482                   1
