           20.399064             0.51481                   1
           24.377189             0.52617                   1
           40.335421             0.59154                   1
           48.306905             0.68386                   1
           72.268078             0.64208                   1
           90.176614             0.48509                   1
           92.157721             0.38393                   1
           96.120115             0.50949                   1
          102.110373             0.43903                   1
          125.993552             0.52323                   1
          157.910716             0.54931                   1
          177.847140             0.59638                   1
          189.952534             0.67469                   1
          197.924023             0.51897                   1
          203.898720             0.56817                   1
          219.857291             0.63317                   1
          243.787301             0.57461                   1
          259.745813             0.55966                   1
          281.679082             0.60981                   1
          297.637581             0.73893                   1
          307.590261             0.66602                   1
          313.580546             0.60361                   1
