           18.005530             0.51477                   1
           27.973797             0.51478                   1
           53.884927             0.51516                   1
           55.881731             0.51479                   1
           73.837068             0.51477                   1
           81.809142             0.52974                   1
          103.757353             0.51479                   1
          109.747655             0.51471                   1
          121.681447             0.51484                   1
          143.630283             0.51481                   1
          179.478528             0.51471                   1
          229.335316             0.51474                   1
          235.294390             0.51483                   1
          243.265928             0.51474                   1
          247.384284             0.51474                   1
          251.362179             0.51479                   1
          277.304563             0.51474                   1
          287.272755             0.51481                   1
          297.225390             0.51479                   1
          309.206024             0.51477                   1
          323.152212             0.51476                   1
          339.110787             0.51473                   1
          341.091930             0.51478                   1
