           25.958727             0.51478                   1
           29.952293             0.51481                   1
           49.888742             0.51488                   1
           59.841411             0.51482                   1
           81.790263             0.51478                   1
           89.730532             0.51480                   1
          111.960183             0.51481                   1
          125.921957             0.51474                   1
          129.915471             0.51477                   1
          135.890209             0.51482                   1
          151.864289             0.51479                   1
          153.845522             0.51479                   1
          157.839095             0.51480                   1
          167.807267             0.51476                   1
          187.743782             0.51479                   1
          239.581698             0.51478                   1
          251.546698             0.51479                   1
          275.476696             0.51477                   1
          277.457853             0.51549                   1
          305.397023             0.51496                   1
          313.368472             0.51488                   1
          323.336757             0.51473                   1
          337.282899             0.51469                   1
