           25.958727             0.57654                   1
           29.952293             0.57495                   1
           49.888742             0.63796                   1
           59.841411             0.53303                   1
           81.790263             0.44760                   1
           89.730532             0.45913                   1
          111.960183             0.80493                   1
          125.921957             0.69884                   1
          129.915471             0.52122                   1
          135.890209             1.04235                   1
          151.864289             0.65984                   1
          153.845522             0.63059                   1
          157.839095             0.51506                   1
          167.807267             0.61247                   1
          187.743782             0.74747                   1
          239.581698             0.58823                   1
          251.546698             0.70290                   1
          275.476696             0.66835                   1
          277.457853             0.56713                   1
          305.397023             0.80327                   1
          313.368472             0.74357                   1
          323.336757             0.91106                   1
          337.282899             0.60463                   1
