           20.149741             0.51478                   1
           24.143312             0.51478                   1
           40.101916             0.51476                   1
           48.057750             0.51479                   1
           72.019070             0.51481                   1
           89.958943             0.51464                   1
           91.939994             0.51552                   1
           95.917995             0.51474                   1
          101.908291             0.51479                   1
          126.150384             0.51480                   1
          178.004050             0.51481                   1
          189.953986             0.51538                   1
          197.925010             0.51479                   1
          199.921791             0.51481                   1
          203.899799             0.51476                   1
          219.858357             0.51480                   1
          243.788421             0.51481                   1
          281.680335             0.51476                   1
          297.638918             0.51474                   1
          307.591584             0.51478                   1
          313.581899             0.51481                   1
          329.540755             0.51538                   1
