           10.025493             0.51475                   1
           14.175104             0.51471                   1
           38.105104             0.51480                   1
           74.000269             0.51477                   1
           79.990607             0.51472                   1
           83.968498             0.51477                   1
           85.949638             0.51529                   1
           93.936804             0.51473                   1
          116.197682             0.51482                   1
          128.131572             0.51474                   1
          138.115507             0.51470                   1
          168.035744             0.51489                   1
          170.016965             0.51481                   1
          181.997634             0.51480                   1
          193.947089             0.51482                   1
          233.820097             0.51483                   1
          241.807239             0.51478                   1
          249.778660             0.51478                   1
          261.728201             0.51480                   1
          267.718496             0.51479                   1
          277.702366             0.51481                   1
          289.667451             0.51478                   1
          317.559837             0.51481                   1
          341.536715             0.51485                   1
