           27.969248             0.51476                   1
           83.847770             0.51476                   1
           93.831580             0.51478                   1
          103.799802             0.51479                   1
          137.651396             0.51479                   1
          141.644986             0.51470                   1
          157.587934             0.51471                   1
          165.528227             0.51519                   1
          181.471149             0.51487                   1
          187.461563             0.51474                   1
          191.423883             0.51475                   1
          215.354016             0.51470                   1
          229.315776             0.51477                   1
          235.306128             0.51478                   1
          239.283997             0.51517                   1
          247.255580             0.51473                   1
          255.242664             0.51479                   1
          261.217371             0.51475                   1
          277.175950             0.51480                   1
          281.138410             0.51471                   1
          311.043095             0.51481                   1
          317.017863             0.51473                   1
