           10.025493             0.53420                   1
           14.175104             0.36053                   1
           38.105104             0.47806                   1
           74.000269             0.57408                   1
           79.990607             0.81554                   1
           83.968498             0.75765                   1
           85.949638             1.04037                   1
           93.936804             0.46105                   1
          116.197682             0.47972                   1
          128.131572             0.47355                   1
          138.115507             0.64141                   1
          168.035744             0.46452                   1
          170.016965             0.59528                   1
          181.997634             0.63836                   1
          193.947089             0.60860                   1
          233.820097             0.67071                   1
          241.807239             0.64339                   1
          249.778660             0.49577                   1
          261.728201             0.68998                   1
          267.718496             0.53159                   1
          277.702366             0.61950                   1
          289.667451             0.88617                   1
          317.559837             0.49711                   1
          341.536715             0.54375                   1
