           10.029513             0.51471                   1
           23.975697             0.51482                   1
           45.924588             0.51484                   1
           55.908501             0.51469                   1
           57.889658             0.51477                   1
           65.876764             0.51477                   1
          105.781002             0.51481                   1
          109.743327             0.51484                   1
          121.708364             0.51487                   1
          129.680726             0.52954                   1
          147.619721             0.51526                   1
          153.609995             0.51474                   1
          155.591135             0.51470                   1
          177.508896             0.51479                   1
          201.407769             0.51475                   1
          217.335096             0.51485                   1
          241.280840             0.51478                   1
          273.182440             0.51475                   1
          307.065143             0.51479                   1
          323.008158             0.51479                   1
          326.986306             0.51542                   1
          334.973192             0.51478                   1
