            8.032774             0.57502                   1
           14.007391             0.57630                   1
           21.994522             0.49300                   1
           35.941118             0.45806                   1
           37.937533             0.59761                   1
           71.851432             0.49096                   1
           97.809515             0.55636                   1
          107.762214             0.66741                   1
          117.714861             0.42651                   1
          131.676664             0.56044                   1
          159.569080             0.55537                   1
          163.547106             0.59330                   1
          167.525024             0.56728                   1
          179.490056             0.65792                   1
          189.442687             0.72911                   1
          205.401315             0.75412                   1
          209.379260             0.62411                   1
          257.223801             0.67452                   1
          265.195311             0.67888                   1
          303.071565             0.56979                   1
