           10.023831             0.41591                   1
           43.922161             0.84487                   1
           65.871093             0.58346                   1
           67.852253             0.69021                   1
           85.807650             0.37445                   1
           91.797933             0.90400                   1
          113.731251             0.58625                   1
          117.693600             0.60779                   1
          131.655414             0.54167                   1
          157.597903             0.55862                   1
          165.553826             0.55452                   1
          167.534902             0.46940                   1
          177.503219             0.89285                   1
          181.637231             0.56675                   1
          189.624292             0.54752                   1
          197.595736             0.62389                   1
          203.570498             0.60905                   1
          231.494034             0.62887                   1
          245.424720             0.52989                   1
          259.386575             0.59175                   1
          261.367722             0.76250                   1
          271.351544             0.77046                   1
          325.170891             0.63801                   1
