            8.032774             0.51500                   1
           14.007391             0.51483                   1
           21.994522             0.51484                   1
           35.941118             0.51541                   1
           37.937533             0.51485                   1
           71.851432             0.51477                   1
           97.809515             0.51477                   1
          107.762214             0.51479                   1
          117.714861             0.51472                   1
          131.676664             0.51478                   1
          159.569080             0.51476                   1
          163.547106             0.51471                   1
          167.525024             0.51483                   1
          179.490056             0.51476                   1
          189.442687             0.51483                   1
          205.401315             0.51482                   1
          209.379260             0.51482                   1
          257.223801             0.51500                   1
          265.195311             0.51479                   1
          303.071565             0.51509                   1
