           25.975977             0.51485                   1
           29.953854             0.51490                   1
           32.200318             0.51475                   1
           50.155713             0.51478                   1
           60.108317             0.51487                   1
           82.057225             0.51480                   1
           89.997560             0.51478                   1
          111.930871             0.51471                   1
          129.886206             0.51480                   1
          135.876538             0.51480                   1
          151.836057             0.52947                   1
          153.831897             0.51478                   1
          157.809875             0.51478                   1
          167.778096             0.51473                   1
          187.714610             0.51486                   1
          239.568401             0.51477                   1
          251.517834             0.51481                   1
          277.444667             0.51476                   1
          305.383931             0.51471                   1
          313.355407             0.51484                   1
          323.323666             0.51477                   1
          337.254916             0.52976                   1
