           13.995345             0.48430                   1
           15.992188             0.51482                   1
           52.136824             0.61397                   1
           76.082530             0.55578                   1
           84.038395             0.60768                   1
           88.016376             0.54164                   1
           91.978718             0.72322                   1
          105.971770             0.65787                   1
          107.952912             0.63667                   1
          173.768488             0.54765                   1
          179.743067             0.60496                   1
          199.710893             1.09269                   1
          207.667402             0.57600                   1
          213.657120             0.51494                   1
          225.622165             0.66079                   1
          229.600101             0.65878                   1
          237.587217             0.61553                   1
          245.543096             0.57948                   1
          255.511387             0.56294                   1
          301.405901             0.65140                   1
          325.304879             0.91994                   1
          327.285997             0.57880                   1
          341.232228             0.52028                   1
