           25.975977             0.67142                   1
           29.953854             0.47744                   1
           32.200318             0.51498                   1
           50.155713             0.51492                   1
           60.108317             0.57830                   1
           82.057225             0.63691                   1
           89.997560             0.53641                   1
          111.930871             0.49061                   1
          129.886206             0.55090                   1
          135.876538             0.60043                   1
          151.836057             0.60058                   1
          153.831897             0.66067                   1
          157.809875             0.65057                   1
          167.778096             0.64219                   1
          187.714610             0.68125                   1
          239.568401             0.61828                   1
          251.517834             0.49257                   1
          277.444667             0.89320                   1
          305.383931             0.69728                   1
          313.355407             0.65361                   1
          323.323666             0.98115                   1
          337.254916             0.47367                   1
