            8.028934             0.55482                   1
           12.006666             0.41699                   1
           32.130431             0.46081                   1
           46.076616             0.41028                   1
           70.037883             0.68055                   1
           87.946477             0.47548                   1
          105.886248             0.51939                   1
          107.867407             0.47415                   1
          111.860975             0.44848                   1
          114.200991             0.53245                   1
          120.175656             0.52568                   1
          124.153543             0.68369                   1
          140.096567             0.57235                   1
          150.080440             0.61220                   1
          160.048720             0.60372                   1
          183.978807             0.59313                   1
          205.880902             0.59452                   1
          213.868029             0.71121                   1
          227.845474             0.67750                   1
          255.769075             0.92122                   1
          293.660905             0.58060                   1
          299.620095             0.54926                   1
          303.613618             0.72365                   1
