            8.027181             0.51477                   1
           33.953892             0.51478                   1
           41.941006             0.51477                   1
           47.915723             0.51485                   1
           93.779114             0.51477                   1
          125.665069             0.51478                   1
          149.610825             0.51475                   1
          159.579074             0.51480                   1
          163.556974             0.51481                   1
          193.617781             0.51481                   1
          199.576919             0.51478                   1
          213.554268             0.51485                   1
          215.535539             0.51472                   1
          221.525750             0.51488                   1
          241.462412             0.51473                   1
          293.284893             0.51477                   1
          313.237036             0.51479                   1
          315.218222             0.51475                   1
          321.208532             0.51477                   1
          327.151988             0.51476                   1
