           20.149741             0.41779                   1
           24.143312             0.51505                   1
           40.101916             0.56119                   1
           48.057750             0.58917                   1
           72.019070             0.53930                   1
           89.958943             0.59104                   1
           91.939994             0.59395                   1
           95.917995             0.46378                   1
          101.908291             0.48139                   1
          126.150384             0.63081                   1
          178.004050             0.91200                   1
          189.953986             0.75381                   1
          197.925010             0.67862                   1
          199.921791             0.59379                   1
          203.899799             0.60768                   1
          219.858357             0.71278                   1
          243.788421             0.79019                   1
          281.680335             0.72143                   1
          297.638918             0.92252                   1
          307.591584             0.59365                   1
          313.581899             0.76316                   1
          329.540755             0.85995                   1
