            8.028934             0.51495                   1
           12.006666             0.51479                   1
           32.130431             0.51479                   1
           46.076616             0.51474                   1
           70.037883             0.51487                   1
           87.946477             0.51475                   1
          105.886248             0.51478                   1
          107.867407             0.51484                   1
          111.860975             0.51474                   1
          114.200991             0.51472                   1
          120.175656             0.51477                   1
          124.153543             0.51522                   1
          140.096567             0.51480                   1
          150.080440             0.51480                   1
          160.048720             0.51469                   1
          183.978807             0.51480                   1
          205.880902             0.51476                   1
          213.868029             0.51477                   1
          227.845474             0.51481                   1
          255.769075             0.51479                   1
          293.660905             0.51483                   1
          299.620095             0.51475                   1
          303.613618             0.51482                   1
