           10.029513             0.43423                   1
           23.975697             0.58374                   1
           45.924588             0.53837                   1
           55.908501             0.47422                   1
           57.889658             0.52505                   1
           65.876764             0.80978                   1
          105.781002             0.56865                   1
          109.743327             0.76622                   1
          121.708364             0.88096                   1
          129.680726             0.86842                   1
          147.619721             0.54502                   1
          153.609995             0.43461                   1
          155.591135             0.54940                   1
          177.508896             0.42319                   1
          201.407769             0.78779                   1
          217.335096             1.13208                   1
          241.280840             1.14590                   1
          273.182440             0.65159                   1
          307.065143             0.53614                   1
          323.008158             0.48075                   1
          326.986306             0.61454                   1
          334.973192             0.49146                   1
