           27.969248             0.56608                   1
           83.847770             0.97431                   1
           93.831580             0.64636                   1
          103.799802             0.52589                   1
          137.651396             0.55353                   1
          141.644986             0.63991                   1
          157.587934             0.51484                   1
          165.528227             0.52410                   1
          181.471149             0.86082                   1
          187.461563             0.42233                   1
          191.423883             0.47588                   1
          215.354016             0.72122                   1
          229.315776             0.63116                   1
          235.306128             0.61674                   1
          239.283997             0.59876                   1
          247.255580             0.74694                   1
          255.242664             0.68773                   1
          261.217371             0.66488                   1
          277.175950             0.80997                   1
          281.138410             0.91136                   1
          311.043095             0.46208                   1
          317.017863             0.52717                   1
