           18.010917             0.58867                   1
           27.979141             0.50022                   1
           53.890397             0.47634                   1
           55.887192             0.56757                   1
           73.842596             0.61975                   1
           81.814077             0.61608                   1
          103.762987             0.69071                   1
          109.738133             0.73145                   1
          121.687170             0.65415                   1
          143.636056             0.92877                   1
          147.629609             0.58314                   1
          229.512993             0.53795                   1
          235.472078             0.99468                   1
          243.443535             0.66308                   1
          247.421498             0.68506                   1
          251.399487             0.58703                   1
          277.341924             0.71596                   1
          287.310156             0.79551                   1
          297.262872             0.87458                   1
          309.243451             0.62981                   1
          323.189690             0.77924                   1
          339.148273             0.86025                   1
