           10.023831             0.51479                   1
           43.922161             0.51478                   1
           65.871093             0.51478                   1
           67.852253             0.51479                   1
           85.807650             0.51480                   1
           91.797933             0.51482                   1
          113.731251             0.51476                   1
          117.693600             0.51477                   1
          131.655414             0.51479                   1
          157.597903             0.51479                   1
          165.553826             0.51472                   1
          167.534902             0.51475                   1
          177.503219             0.51477                   1
          181.637231             0.51469                   1
          189.624292             0.51472                   1
          197.595736             0.51480                   1
          203.570498             0.51470                   1
          231.494034             0.51489                   1
          245.424720             0.51477                   1
          259.386575             0.51477                   1
          261.367722             0.51482                   1
          271.351544             0.51481                   1
          325.170891             0.51479                   1
