            8.027181             0.59660                   1
           33.953892             0.70933                   1
           41.941006             0.86606                   1
           47.915723             0.58721                   1
           93.779114             0.66680                   1
          125.665069             0.58016                   1
          149.610825             0.79386                   1
          159.579074             0.92937                   1
          163.556974             0.52741                   1
          193.617781             0.52996                   1
          199.576919             0.79470                   1
          213.554268             0.53704                   1
          215.535539             0.83571                   1
          221.525750             0.77339                   1
          241.462412             0.69225                   1
          293.284893             0.94065                   1
          313.237036             0.74011                   1
          315.218222             0.68684                   1
          321.208532             1.02434                   1
          327.151988             1.08079                   1
