            8.020712             0.51507                   1
           10.017361             0.51484                   1
           42.184172             0.51478                   1
           48.174422             0.51482                   1
           58.127171             0.51478                   1
           86.035244             0.51475                   1
           93.975467             0.51484                   1
           95.987945             0.51469                   1
          117.921132             0.51481                   1
          139.854451             0.51475                   1
          165.797003             0.51476                   1
          177.746348             0.51477                   1
          203.688888             0.51475                   1
          217.650675             0.51479                   1
          227.619006             0.51467                   1
          241.549562             0.51477                   1
          267.491995             0.51481                   1
          285.431763             0.51481                   1
          295.415664             0.51480                   1
          309.361828             0.51507                   1
          319.331021             0.52951                   1
          331.279565             0.51480                   1
          339.251056             0.51480                   1
