            8.020712             0.63509                   1
           10.017361             0.43034                   1
           42.184172             0.66284                   1
           48.174422             0.69649                   1
           58.127171             0.75149                   1
           86.035244             0.53096                   1
           93.975467             1.14236                   1
           95.987945             0.94588                   1
          117.921132             1.08424                   1
          139.854451             0.81439                   1
          165.797003             0.60730                   1
          177.746348             0.60970                   1
          203.688888             0.75454                   1
          217.650675             0.62450                   1
          227.619006             0.81596                   1
          241.549562             0.83710                   1
          267.491995             0.58209                   1
          285.431763             0.84192                   1
          295.415664             0.60179                   1
          309.361828             0.51138                   1
          319.331021             0.56596                   1
          331.279565             0.53715                   1
          339.251056             0.70948                   1
