           18.010917             0.51481                   1
           27.979141             0.51478                   1
           53.890397             0.51478                   1
           55.887192             0.51476                   1
           73.842596             0.51477                   1
           81.814077             0.51516                   1
          103.762987             0.51479                   1
          109.738133             0.51521                   1
          121.687170             0.51475                   1
          143.636056             0.51476                   1
          147.629609             0.51477                   1
          229.512993             0.51480                   1
          235.472078             0.51472                   1
          243.443535             0.51482                   1
          247.421498             0.51472                   1
          251.399487             0.51476                   1
          277.341924             0.51473                   1
          287.310156             0.51484                   1
          297.262872             0.51475                   1
          309.243451             0.51484                   1
          323.189690             0.51479                   1
          339.148273             0.51479                   1
