           13.995345             0.51479                   1
           15.992188             0.51468                   1
           52.136824             0.51477                   1
           76.082530             0.51473                   1
           84.038395             0.51500                   1
           88.016376             0.51484                   1
           91.978718             0.51474                   1
          105.971770             0.51471                   1
          107.952912             0.51479                   1
          173.768488             0.51473                   1
          179.743067             0.51490                   1
          199.710893             0.51484                   1
          207.667402             0.52977                   1
          213.657120             0.51481                   1
          225.622165             0.51483                   1
          229.600101             0.51481                   1
          237.587217             0.51479                   1
          245.543096             0.51483                   1
          255.511387             0.51462                   1
          301.405901             0.51483                   1
          325.304879             0.51475                   1
          327.285997             0.51477                   1
          341.232228             0.51483                   1
