           10.030120             0.51467                   1
           43.928041             0.51481                   1
           65.876783             0.51482                   1
           67.857930             0.51479                   1
           85.813161             0.51477                   1
           91.787843             0.51471                   1
          113.736483             0.51481                   1
          117.698812             0.51473                   1
          131.660550             0.51467                   1
          157.587111             0.51504                   1
          165.542962             0.51478                   1
          167.539735             0.51476                   1
          177.507959             0.51473                   1
          181.470196             0.51483                   1
          189.457255             0.51480                   1
          197.428691             0.51478                   1
          231.311042             0.51485                   1
          245.257196             0.51482                   1
          261.200059             0.51468                   1
          271.183772             0.51486                   1
          289.123501             0.51473                   1
          324.987002             0.51508                   1
