            8.033399             0.87026                   1
           23.991749             0.77543                   1
           33.959916             1.04692                   1
           41.946912             0.96369                   1
           47.921601             0.82884                   1
           93.784568             0.86845                   1
          115.717705             0.78260                   1
          125.670253             0.88576                   1
          163.561830             0.84902                   1
          221.342915             0.95414                   1
          241.279239             1.24920                   1
          293.101416             1.33743                   1
          315.034491             0.70769                   1
          326.983797             0.66999                   1
