           10.029385             0.51473                   1
           13.991651             0.51479                   1
           37.937164             0.51473                   1
           73.831967             0.51475                   1
           79.806625             0.51476                   1
           83.800139             0.51473                   1
           85.781222             0.51482                   1
           93.721465             0.51486                   1
          115.607793             0.51473                   1
          127.557068             0.51490                   1
          137.540915             0.51480                   1
          167.461046             0.51474                   1
          169.442194             0.51477                   1
          181.407122             0.51468                   1
          193.372041             0.51473                   1
          233.244756             0.51477                   1
          241.231807             0.51474                   1
          249.203255             0.51473                   1
          261.152558             0.51479                   1
          267.142870             0.51475                   1
          289.091525             0.51479                   1
          316.983715             0.51470                   1
          340.960437             0.51475                   1
