          149.615787             0.89945                   1
          159.583963             0.88305                   1
          173.514404             1.51580                   1
          193.435189             0.64672                   1
          199.409782             1.43194                   1
          213.371490             1.14181                   1
          215.368281             0.68896                   1
          285.145518             0.79763                   1
          313.053299             1.51580                   1
          321.024795             1.51580                   1
