           19.981904             0.51481                   1
           23.959808             0.51482                   1
           39.918285             0.51478                   1
           47.889644             0.51480                   1
           71.835133             0.51481                   1
           89.743538             0.51478                   1
           91.740339             0.51477                   1
           95.702637             0.51473                   1
          101.692922             0.51470                   1
          125.560389             0.51476                   1
          157.492853             0.51478                   1
          177.429244             0.51474                   1
          189.378564             0.51472                   1
          197.349957             0.51471                   1
          199.331133             0.51475                   1
          203.324643             0.51470                   1
          219.283131             0.51474                   1
          243.212974             0.51475                   1
          259.171391             0.51480                   1
          281.104502             0.51476                   1
          297.062967             0.51480                   1
          307.015543             0.51472                   1
          313.005804             0.51482                   1
          328.964219             0.51474                   1
