            8.032718             0.51485                   1
           12.010496             0.51479                   1
           45.908515             0.51482                   1
           57.873472             0.51479                   1
           69.854026             0.51473                   1
           87.762380             0.51481                   1
          105.670767             0.51484                   1
          107.651953             0.51474                   1
          111.645490             0.51476                   1
          113.626627             0.51480                   1
          119.601329             0.51477                   1
          123.579200             0.51480                   1
          139.522091             0.51482                   1
          149.505841             0.51479                   1
          159.473966             0.51477                   1
          183.403812             0.51477                   1
          205.305798             0.51476                   1
          213.292819             0.51479                   1
          227.254479             0.51474                   1
          293.085045             0.51475                   1
          299.044164             0.51475                   1
