           13.995908             0.51484                   1
           15.977036             0.51478                   1
           51.871867             0.51481                   1
           75.817322             0.51477                   1
           87.751091             0.51477                   1
          105.675067             0.51483                   1
          107.656245             0.51470                   1
          179.445862             0.51479                   1
          213.375093             0.51482                   1
          229.317952             0.51478                   1
          237.289371             0.51479                   1
          301.107546             0.51477                   1
