           25.960865             0.64624                   1
           29.954348             0.66069                   1
           31.935543             0.67949                   1
           49.890718             0.65970                   1
           59.843316             0.85873                   1
           81.792096             0.94933                   1
           89.732205             0.80097                   1
          125.611454             0.94462                   1
          129.604947             1.11092                   1
          151.553641             0.72163                   1
          153.534799             0.63639                   1
          157.528289             0.70678                   1
          167.496584             0.98616                   1
          187.432878             0.92922                   1
          239.286196             1.19433                   1
          251.235488             1.04465                   1
          277.162087             0.83727                   1
          305.101081             1.02540                   1
          313.072453             0.94180                   1
          323.040532             0.91744                   1
