           10.020302             0.48335                   1
           23.966399             0.52883                   1
           45.915141             0.67544                   1
           55.898880             1.10776                   1
           57.880068             0.64612                   1
           65.867063             0.84283                   1
          105.770966             0.64973                   1
          109.733295             0.69523                   1
          121.698219             0.65000                   1
          129.669635             0.63032                   1
          147.609228             0.72215                   1
          153.599557             0.81962                   1
          155.580670             0.86247                   1
          177.498193             1.12024                   1
          201.396889             0.78084                   1
          217.324030             0.83716                   1
          241.254115             0.69837                   1
          273.170854             0.91664                   1
          293.107226             0.90763                   1
          297.069575             0.64925                   1
          307.053301             0.66519                   1
          322.980533             0.66544                   1
          326.974024             0.77587                   1
          334.946552             0.71508                   1
