           10.029385             0.58621                   1
           13.991651             0.42386                   1
           37.937164             0.75758                   1
           73.831967             0.76569                   1
           79.806625             0.76682                   1
           83.800139             0.76520                   1
           85.781222             0.68002                   1
           93.721465             0.81156                   1
          115.607793             0.95652                   1
          127.557068             0.66293                   1
          137.540915             0.74277                   1
          167.461046             0.70968                   1
          169.442194             0.72044                   1
          181.407122             0.65116                   1
          193.372041             0.74184                   1
          233.244756             0.77195                   1
          241.231807             0.77665                   1
          249.203255             1.08494                   1
          261.152558             0.64733                   1
          267.142870             1.14481                   1
          289.091525             1.02741                   1
          316.983715             0.71041                   1
          340.960437             0.67697                   1
