           67.830337             0.51466                   1
           83.788798             0.51486                   1
           91.729028             0.51474                   1
          173.471522             0.51541                   1
          199.413393             0.51479                   1
          207.384818             0.51479                   1
          225.340035             0.51470                   1
          245.245233             0.51473                   1
          255.213348             0.51482                   1
          325.021797             0.51479                   1
          327.003004             0.51480                   1
          340.949075             0.51477                   1
