            8.023736             1.22401                   1
           13.998185             0.63338                   1
           21.985270             0.59001                   1
           35.931335             0.80354                   1
           37.928074             0.66270                   1
           71.841682             0.53208                   1
           97.799544             0.78138                   1
          107.752119             0.66850                   1
          111.730109             0.66640                   1
          117.704782             1.00350                   1
          131.666445             0.85747                   1
          159.558589             0.79646                   1
          163.536485             0.70643                   1
          167.514345             0.87241                   1
          179.479340             0.92310                   1
          189.431986             1.10610                   1
          205.390354             0.68324                   1
          209.368285             0.76116                   1
          257.212450             1.43549                   1
          265.183874             0.89586                   1
          303.059764             0.89081                   1
