           67.830337             0.95951                   1
           83.788798             1.51567                   1
           91.729028             1.51567                   1
          173.471522             0.83506                   1
          199.413393             0.67635                   1
          207.384818             0.92070                   1
          225.340035             1.51567                   1
          245.245233             1.51567                   1
          255.213348             1.51567                   1
          325.021797             1.51567                   1
          327.003004             1.51567                   1
          340.949075             1.51567                   1
