           18.017057             0.51472                   1
           27.985223             0.51480                   1
           53.896251             0.51468                   1
           55.892998             0.51483                   1
           73.832845             0.51541                   1
           81.819633             0.51478                   1
          103.768330             0.51480                   1
          109.742933             0.51484                   1
          121.692337             0.51483                   1
          143.641012             0.51476                   1
          147.618968             0.51477                   1
          179.489117             0.51475                   1
          229.329930             0.51477                   1
          235.304661             0.51478                   1
          243.276082             0.51479                   1
          247.238418             0.51470                   1
          251.231938             0.51471                   1
          277.158472             0.51479                   1
          287.126743             0.51469                   1
          297.079219             0.51514                   1
          309.075390             0.51478                   1
          323.005842             0.51483                   1
          338.964348             0.51477                   1
          340.945477             0.51478                   1
