           27.959916             0.43119                   1
           83.837844             0.65551                   1
           93.821684             0.71938                   1
          103.789879             0.81491                   1
          137.641057             0.60260                   1
          141.634588             0.52900                   1
          157.561818             0.66527                   1
          165.517658             0.94115                   1
          181.460494             0.89387                   1
          187.450765             0.65538                   1
          191.413120             1.04489                   1
          211.349426             0.87593                   1
          215.342941             0.89036                   1
          229.304630             1.00023                   1
          235.294950             0.56177                   1
          239.272845             0.69575                   1
          247.244244             0.74808                   1
          255.231272             0.64085                   1
          277.148817             1.06657                   1
          281.126744             0.83258                   1
          295.088424             0.56646                   1
          311.031246             0.78314                   1
          317.005911             1.06422                   1
