           19.981904             0.51495                   1
           23.959808             0.75139                   1
           39.918285             0.88842                   1
           47.889644             1.10880                   1
           71.835133             0.77058                   1
           89.743538             0.66964                   1
           91.740339             0.87275                   1
           95.702637             1.01434                   1
          101.692922             0.96785                   1
          125.560389             0.86766                   1
          157.492853             0.84621                   1
          177.429244             0.99719                   1
          189.378564             0.67147                   1
          197.349957             0.97185                   1
          199.331133             0.70261                   1
          203.324643             1.18900                   1
          219.283131             1.04599                   1
          243.212974             0.83538                   1
          259.171391             0.76457                   1
          281.104502             0.92668                   1
          297.062967             1.03976                   1
          307.015543             1.08682                   1
          313.005804             0.79250                   1
          328.964219             1.38552                   1
