            8.021383             0.85833                   1
           10.018009             0.52563                   1
           41.919316             0.77533                   1
           47.909559             1.09688                   1
           57.862104             0.70403                   1
           93.710135             0.98292                   1
           95.691325             1.32161                   1
          139.573155             0.64646                   1
          165.515434             0.79137                   1
          177.464733             0.78568                   1
          217.352991             1.13622                   1
          227.321157             0.84773                   1
          241.267293             0.77315                   1
          267.209542             0.98209                   1
          285.149102             0.76204                   1
          295.132901             0.80190                   1
          309.078965             0.86347                   1
          319.047159             0.79094                   1
          330.996504             1.32917                   1
