           13.995908             0.61163                   1
           15.977036             0.53441                   1
           51.871867             1.08646                   1
           75.817322             1.02028                   1
           87.751091             1.23012                   1
          105.675067             0.69758                   1
          107.656245             0.75637                   1
          179.445862             0.79652                   1
          213.375093             1.30624                   1
          229.317952             0.96292                   1
          237.289371             1.39122                   1
          301.107546             1.24310                   1
