            8.033399             0.51491                   1
           23.991749             0.51473                   1
           33.959916             0.51470                   1
           41.946912             0.51478                   1
           47.921601             0.51470                   1
           93.784568             0.51488                   1
          115.717705             0.51469                   1
          125.670253             0.51480                   1
          163.561830             0.51471                   1
          221.342915             0.51482                   1
          241.279239             0.51520                   1
          293.101416             0.51474                   1
          315.034491             0.51470                   1
          326.983797             0.51471                   1
