           27.959916             0.51477                   1
           83.837844             0.51481                   1
           93.821684             0.51474                   1
          103.789879             0.51473                   1
          137.641057             0.51473                   1
          141.634588             0.51482                   1
          157.561818             0.51539                   1
          165.517658             0.51476                   1
          181.460494             0.51479                   1
          187.450765             0.51476                   1
          191.413120             0.51464                   1
          211.349426             0.51473                   1
          215.342941             0.51478                   1
          229.304630             0.51485                   1
          235.294950             0.51471                   1
          239.272845             0.51475                   1
          247.244244             0.51478                   1
          255.231272             0.51480                   1
          277.148817             0.51469                   1
          281.126744             0.51472                   1
          295.088424             0.51475                   1
          311.031246             0.51476                   1
          317.005911             0.51477                   1
