           25.960865             0.51474                   1
           29.954348             0.51482                   1
           31.935543             0.51477                   1
           49.890718             0.51478                   1
           59.843316             0.51475                   1
           81.792096             0.51518                   1
           89.732205             0.51478                   1
          125.611454             0.51478                   1
          129.604947             0.51477                   1
          151.553641             0.51480                   1
          153.534799             0.51479                   1
          157.528289             0.51486                   1
          167.496584             0.51470                   1
          187.432878             0.51480                   1
          239.286196             0.51473                   1
          251.235488             0.51475                   1
          277.162087             0.51481                   1
          305.101081             0.51477                   1
          313.072453             0.51489                   1
          323.040532             0.51491                   1
