           18.017057             0.53427                   1
           27.985223             0.70980                   1
           53.896251             0.69395                   1
           55.892998             0.68119                   1
           73.832845             0.83681                   1
           81.819633             0.75375                   1
          103.768330             1.02037                   1
          109.742933             0.90956                   1
          121.692337             0.70382                   1
          143.641012             0.78644                   1
          147.618968             0.80039                   1
          179.489117             0.60122                   1
          229.329930             0.79087                   1
          235.304661             0.60811                   1
          243.276082             0.78829                   1
          247.238418             1.28982                   1
          251.231938             0.93615                   1
          277.158472             0.68886                   1
          287.126743             0.68033                   1
          297.079219             0.84752                   1
          309.075390             0.87495                   1
          323.005842             0.71209                   1
          338.964348             1.27304                   1
          340.945477             1.01190                   1
