           10.020302             0.51477                   1
           23.966399             0.51476                   1
           45.915141             0.51474                   1
           55.898880             0.51480                   1
           57.880068             0.51481                   1
           65.867063             0.51474                   1
          105.770966             0.51474                   1
          109.733295             0.51477                   1
          121.698219             0.51479                   1
          129.669635             0.51528                   1
          147.609228             0.51478                   1
          153.599557             0.51475                   1
          155.580670             0.51475                   1
          177.498193             0.51470                   1
          201.396889             0.51482                   1
          217.324030             0.51486                   1
          241.254115             0.51538                   1
          273.170854             0.51480                   1
          293.107226             0.51471                   1
          297.069575             0.51548                   1
          307.053301             0.51468                   1
          322.980533             0.51478                   1
          326.974024             0.51491                   1
          334.946552             0.52938                   1
