            8.023736             0.51485                   1
           13.998185             0.51481                   1
           21.985270             0.51477                   1
           35.931335             0.51514                   1
           37.928074             0.51480                   1
           71.841682             0.51481                   1
           97.799544             0.51485                   1
          107.752119             0.51477                   1
          111.730109             0.51486                   1
          117.704782             0.51469                   1
          131.666445             0.51478                   1
          159.558589             0.51481                   1
          163.536485             0.51481                   1
          167.514345             0.51487                   1
          179.479340             0.51482                   1
          189.431986             0.51476                   1
          205.390354             0.51478                   1
          209.368285             0.51480                   1
          257.212450             0.51479                   1
          265.183874             0.51483                   1
          303.059764             0.51477                   1
