            8.021383             0.51482                   1
           10.018009             0.51478                   1
           41.919316             0.51477                   1
           47.909559             0.51470                   1
           57.862104             0.51481                   1
           93.710135             0.51483                   1
           95.691325             0.51475                   1
          139.573155             0.51480                   1
          165.515434             0.51474                   1
          177.464733             0.51467                   1
          217.352991             0.51477                   1
          227.321157             0.51475                   1
          241.267293             0.51476                   1
          267.209542             0.51477                   1
          285.149102             0.51483                   1
          295.132901             0.51483                   1
          309.078965             0.51482                   1
          319.047159             0.51477                   1
          330.996504             0.51472                   1
