            8.032718             0.62298                   1
           12.010496             0.46104                   1
           45.908515             0.64201                   1
           57.873472             0.77267                   1
           69.854026             0.63173                   1
           87.762380             0.76286                   1
          105.670767             0.70987                   1
          107.651953             1.04867                   1
          111.645490             0.75899                   1
          113.626627             0.74580                   1
          119.601329             0.89090                   1
          123.579200             0.66491                   1
          139.522091             0.76952                   1
          149.505841             0.82545                   1
          159.473966             0.98499                   1
          183.403812             0.83841                   1
          205.305798             0.70375                   1
          213.292819             1.03650                   1
          227.254479             0.89837                   1
          293.085045             0.77789                   1
          299.044164             0.62653                   1
