          149.615787             0.51470                   1
          159.583963             0.51471                   1
          173.514404             0.51476                   1
          193.435189             0.51465                   1
          199.409782             0.51482                   1
          213.371490             0.51529                   1
          215.368281             0.51477                   1
          285.145518             0.51484                   1
          313.053299             0.51482                   1
          321.024795             0.51464                   1
