           10.030120             0.56145                   1
           43.928041             0.71050                   1
           65.876783             0.76106                   1
           67.857930             0.99590                   1
           85.813161             0.80009                   1
           91.787843             0.92121                   1
          113.736483             0.91592                   1
          117.698812             0.64147                   1
          131.660550             0.83131                   1
          157.587111             1.04789                   1
          165.542962             1.01184                   1
          167.539735             1.11096                   1
          177.507959             0.61446                   1
          181.470196             0.76411                   1
          189.457255             1.12881                   1
          197.428691             0.86108                   1
          231.311042             0.67376                   1
          245.257196             0.77514                   1
          261.200059             0.79182                   1
          271.183772             0.60780                   1
          289.123501             0.61952                   1
          324.987002             0.63494                   1
