           45.895967             0.51475                   1
           57.861067             0.51480                   1
           83.756787             0.51480                   1
          125.579983             0.51478                   1
          129.573429             0.51484                   1
          137.545038             0.51530                   1
          149.525733             0.51471                   1
          165.484328             0.51482                   1
          235.324915             0.51471                   1
          281.172791             0.51486                   1
          285.150790             0.51473                   1
          315.320875             0.51477                   1
          323.292408             0.51478                   1
          339.266618             0.51473                   1
          341.247850             0.51472                   1
