           16.003213             0.51477                   1
           73.831883             0.51471                   1
           79.806589             0.51478                   1
           91.771615             0.51509                   1
           93.768443             0.51480                   1
          103.736758             0.51475                   1
          121.692167             0.51474                   1
          123.673325             0.51477                   1
          155.574970             0.51482                   1
          163.562060             0.51484                   1
          167.555719             0.51480                   1
          191.454632             0.51484                   1
          193.435827             0.51475                   1
          195.432692             0.51468                   1
          197.413787             0.51487                   1
          215.384854             0.51479                   1
          225.337513             0.51477                   1
          249.252019             0.51529                   1
          263.198345             0.51481                   1
          287.144085             0.51474                   1
          289.125258             0.51481                   1
          330.995180             0.51483                   1
          334.973227             0.51483                   1
