            8.028151             0.51493                   1
           31.755355             0.51476                   1
           54.858739             0.51479                   1
           67.572657             0.51469                   1
           79.537696             0.51482                   1
          109.364597             0.51476                   1
          143.106958             0.51490                   1
          153.356201             0.51473                   1
          175.320740             0.51477                   1
          191.280452             0.52931                   1
          220.529083             0.51477                   1
          236.487717             0.51474                   1
          249.092304             0.51493                   1
          261.634700             0.51475                   1
          314.892602             0.51474                   1
          332.395570             0.51476                   1
          352.098191             0.51464                   1
          370.131587             0.51483                   1
          421.221031             0.51482                   1
          441.314243             0.51492                   1
          445.307229             0.51473                   1
