            8.031892             1.33585                   1
           17.985376             0.52959                   1
           31.961893             0.70946                   1
           53.910781             0.63214                   1
           63.863494             1.23127                   1
           65.860277             0.73842                   1
           67.841504             0.66915                   1
          127.651267             0.79425                   1
          139.631973             0.95735                   1
          179.520748             0.97980                   1
          209.394526             0.63345                   1
          219.362787             1.01699                   1
          223.356366             0.79934                   1
          247.270896             0.84436                   1
          261.217199             0.82585                   1
          267.176222             0.78672                   1
          275.147811             0.68696                   1
          301.090323             0.87195                   1
          305.083923             0.60630                   1
          309.046312             1.00379                   1
          323.008297             0.78560                   1
          340.947924             0.83764                   1
