            8.031892             0.51486                   1
           17.985376             0.52943                   1
           31.961893             0.51475                   1
           53.910781             0.51477                   1
           63.863494             0.51511                   1
           65.860277             0.51477                   1
           67.841504             0.51479                   1
          127.651267             0.51478                   1
          139.631973             0.51480                   1
          179.520748             0.51483                   1
          209.394526             0.51473                   1
          219.362787             0.51471                   1
          223.356366             0.51481                   1
          247.270896             0.51474                   1
          261.217199             0.51477                   1
          267.176222             0.51527                   1
          275.147811             0.51483                   1
          301.090323             0.51484                   1
          305.083923             0.51477                   1
          309.046312             0.51473                   1
          323.008297             0.51540                   1
          340.947924             0.51507                   1
