           23.974716             0.76878                   1
           41.945739             0.73342                   1
           45.924287             0.93880                   1
           55.907639             0.68325                   1
           85.796910             1.32941                   1
          101.740671             1.03333                   1
          105.717929             0.76003                   1
          109.695840             0.75804                   1
          131.644890             0.88858                   1
          147.603419             1.04976                   1
          153.593874             1.46718                   1
          175.527199             0.79741                   1
          181.501976             1.27854                   1
          187.476717             0.95168                   1
          229.315401             0.68822                   1
          231.312263             0.69930                   1
          237.287025             0.91643                   1
          271.169872             0.88896                   1
          299.109216             1.20507                   1
          307.065109             0.99304                   1
          332.992028             0.65768                   1
