            8.183872             0.51490                   1
           20.148745             0.51477                   1
           26.123436             0.51477                   1
           28.120235             0.51477                   1
           50.069225             0.51475                   1
           62.034317             0.51478                   1
           71.987019             0.51473                   1
           81.970885             0.51481                   1
          119.831683             0.51494                   1
          131.796883             0.51472                   1
          155.711386             0.51474                   1
          165.679634             0.51472                   1
          183.635053             0.51475                   1
          185.616679             0.52999                   1
          207.565218             0.51479                   1
          209.546310             0.51492                   1
          215.521073             0.51485                   1
          253.428764             0.51473                   1
          273.365386             0.51478                   1
          289.292830             0.51480                   1
          309.229404             0.51478                   1
          319.197682             0.51482                   1
          325.142142             0.52947                   1
