           40.100921             0.51481                   1
           87.961276             0.51478                   1
           93.920350             0.51485                   1
           95.901532             0.51474                   1
          101.877110             0.52957                   1
          115.853812             0.51476                   1
          127.803209             0.51474                   1
          139.783866             0.51485                   1
          177.660338             0.51478                   1
          193.587735             0.51481                   1
          211.527572             0.51473                   1
          219.499096             0.51483                   1
          259.387885             0.51477                   1
          267.375066             0.51473                   1
          275.346597             0.51474                   1
          283.318063             0.51476                   1
          285.299272             0.51482                   1
          297.264329             0.51538                   1
          299.261146             0.51475                   1
          307.248252             0.51474                   1
          317.216552             0.51475                   1
          339.103134             0.51477                   1
