           12.177218             0.46252                   1
           16.155165             0.52448                   1
           48.088033             0.63902                   1
           64.015502             0.73523                   1
           70.005855             0.95282                   1
           89.942406             0.69588                   1
           91.923550             1.07464                   1
          113.872571             0.75727                   1
          123.825311             0.72430                   1
          143.761902             0.83536                   1
          153.730197             1.18686                   1
          167.676454             0.68032                   1
          191.606583             0.86178                   1
          195.584567             0.61969                   1
          229.483025             0.76863                   1
          235.473377             0.99416                   1
          241.448268             0.99511                   1
          249.435179             0.72808                   1
          257.406745             0.69234                   1
          277.327747             0.82697                   1
          323.160045             1.01779                   1
          329.134813             0.76296                   1
          337.121930             0.78366                   1
