           12.177218             0.51475                   1
           16.155165             0.51477                   1
           48.088033             0.51475                   1
           64.015502             0.51481                   1
           70.005855             0.51475                   1
           89.942406             0.51483                   1
           91.923550             0.51490                   1
          113.872571             0.51475                   1
          123.825311             0.51475                   1
          143.761902             0.51475                   1
          153.730197             0.51474                   1
          167.676454             0.51473                   1
          191.606583             0.51481                   1
          195.584567             0.51477                   1
          229.483025             0.51470                   1
          235.473377             0.51467                   1
          241.448268             0.51545                   1
          249.435179             0.51475                   1
          257.406745             0.51478                   1
          277.327747             0.51470                   1
          323.160045             0.51482                   1
          329.134813             0.51468                   1
          337.121930             0.51483                   1
