            8.183872             0.63997                   1
           20.148745             0.49088                   1
           26.123436             0.66004                   1
           28.120235             0.45521                   1
           50.069225             0.66580                   1
           62.034317             0.75647                   1
           71.987019             0.66757                   1
           81.970885             1.05150                   1
          119.831683             0.64603                   1
          131.796883             0.90459                   1
          155.711386             0.80562                   1
          165.679634             0.67720                   1
          183.635053             1.04944                   1
          185.616679             0.65177                   1
          207.565218             0.75878                   1
          209.546310             0.79368                   1
          215.521073             1.25080                   1
          253.428764             0.66239                   1
          273.365386             0.78141                   1
          289.292830             1.14168                   1
          309.229404             0.65274                   1
          319.197682             0.90823                   1
          325.142142             0.86767                   1
