           45.895967             0.81509                   1
           57.861067             0.92979                   1
           83.756787             1.24956                   1
          125.579983             0.81759                   1
          129.573429             0.73608                   1
          137.545038             1.18831                   1
          149.525733             1.46342                   1
          165.484328             0.86446                   1
          235.324915             1.00660                   1
          281.172791             1.26984                   1
          285.150790             1.09179                   1
          315.320875             1.32115                   1
          323.292408             0.36549                   1
          339.266618             0.98292                   1
          341.247850             0.73769                   1
