            8.019696             0.51495                   1
           15.991086             0.51470                   1
           17.987785             0.51490                   1
           31.934087             0.51480                   1
           39.921280             0.51479                   1
           43.899076             0.51483                   1
           47.877117             0.51483                   1
           69.810534             0.51477                   1
           77.797686             0.51474                   1
           85.737927             0.51475                   1
          103.693382             0.51478                   1
          115.627238             0.51482                   1
          121.617580             0.51481                   1
          157.512824             0.51484                   1
          167.481159             0.51480                   1
          233.343642             0.51477                   1
          255.277099             0.51474                   1
          257.258267             0.51479                   1
          333.276250             0.51487                   1
