           16.015128             0.74457                   1
           92.844366             1.11385                   1
          111.345716             0.61212                   1
          137.132359             1.12901                   1
          193.276139             1.29616                   1
          245.114428             1.11288                   1
          267.593771             0.98518                   1
          287.233952             0.95260                   1
          303.629418             0.86887                   1
          338.385859             0.61178                   1
          348.369793             1.18366                   1
          374.109517             1.29147                   1
          382.221435             1.49940                   1
          395.918170             1.41038                   1
          409.240438             0.79990                   1
