           23.974716             0.51480                   1
           41.945739             0.51482                   1
           45.924287             0.52979                   1
           55.907639             0.51482                   1
           85.796910             0.51474                   1
          101.740671             0.52966                   1
          105.717929             0.51480                   1
          109.695840             0.51484                   1
          131.644890             0.51479                   1
          147.603419             0.51513                   1
          153.593874             0.51473                   1
          175.527199             0.51494                   1
          181.501976             0.51478                   1
          187.476717             0.51480                   1
          229.315401             0.51482                   1
          231.312263             0.51481                   1
          237.287025             0.51470                   1
          271.169872             0.51479                   1
          299.109216             0.51472                   1
          307.065109             0.51481                   1
          332.992028             0.51481                   1
