           21.771437             0.74810                   1
           33.736511             0.58280                   1
           44.874899             0.70023                   1
           56.839891             1.29496                   1
           77.556500             0.75402                   1
           90.863213             0.87905                   1
           96.837895             1.00825                   1
          141.125873             0.92741                   1
          179.298686             0.84191                   1
          232.494631             1.14899                   1
          255.082690             0.78449                   1
          263.615844             1.05920                   1
          277.265754             0.75300                   1
          283.255963             0.70667                   1
          295.673563             0.76887                   1
          301.648230             0.81009                   1
          320.867248             1.15864                   1
          356.076072             0.72521                   1
          364.063195             0.64998                   1
          368.150441             0.93862                   1
          386.199363             1.05740                   1
          415.230715             0.82551                   1
