           16.003213             0.82845                   1
           73.831883             0.59062                   1
           79.806589             0.55982                   1
           91.771615             0.88261                   1
           93.768443             0.77369                   1
          103.736758             0.89323                   1
          121.692167             0.92950                   1
          123.673325             1.17228                   1
          155.574970             0.87804                   1
          163.562060             0.70679                   1
          167.555719             0.88111                   1
          191.454632             0.62170                   1
          193.435827             0.77642                   1
          195.432692             0.59554                   1
          197.413787             0.45445                   1
          215.384854             0.68300                   1
          225.337513             0.61020                   1
          249.252019             0.71921                   1
          263.198345             0.80465                   1
          287.144085             0.85845                   1
          289.125258             1.04524                   1
          330.995180             0.95053                   1
          334.973227             0.66045                   1
