           16.015128             0.51468                   1
           92.844366             0.51489                   1
          111.345716             0.51478                   1
          137.132359             0.51473                   1
          193.276139             0.51480                   1
          245.114428             0.51475                   1
          267.593771             0.51470                   1
          287.233952             0.51487                   1
          303.629418             0.51478                   1
          338.385859             0.51475                   1
          348.369793             0.51470                   1
          374.109517             0.51481                   1
          382.221435             0.51478                   1
          395.918170             0.51469                   1
          409.240438             0.51473                   1
