            8.019696             0.92407                   1
           15.991086             0.63256                   1
           17.987785             0.51502                   1
           31.934087             0.53727                   1
           39.921280             0.74193                   1
           43.899076             0.94006                   1
           47.877117             0.83392                   1
           69.810534             0.81210                   1
           77.797686             0.77678                   1
           85.737927             0.77241                   1
          103.693382             0.73660                   1
          115.627238             0.69054                   1
          121.617580             0.85206                   1
          157.512824             0.92417                   1
          167.481159             0.78760                   1
          233.343642             1.10786                   1
          255.277099             0.78204                   1
          257.258267             0.78481                   1
          333.276250             1.17343                   1
