           14.009902             0.60579                   1
           23.962605             0.52486                   1
           29.952875             0.65453                   1
           61.838985             0.85580                   1
           89.715944             1.14627                   1
          111.664939             0.89287                   1
          113.646124             0.78370                   1
          123.598744             0.79887                   1
          145.532119             1.32911                   1
          179.461798             0.83080                   1
          185.437608             1.35883                   1
          191.411308             1.28102                   1
          195.404876             1.04737                   1
          219.366192             0.73364                   1
          225.356560             0.72710                   1
          241.299835             1.09558                   1
          259.239386             0.65968                   1
          279.191607             0.69910                   1
          295.399860             0.90648                   1
          313.339696             0.71837                   1
