           40.100921             1.33828                   1
           87.961276             0.84502                   1
           93.920350             0.62984                   1
           95.901532             0.73657                   1
          101.877110             0.74491                   1
          115.853812             1.00794                   1
          127.803209             0.77032                   1
          139.783866             1.07750                   1
          177.660338             1.32026                   1
          193.587735             0.90463                   1
          211.527572             1.16441                   1
          219.499096             0.82472                   1
          259.387885             0.82314                   1
          267.375066             0.73181                   1
          275.346597             0.84817                   1
          283.318063             1.44457                   1
          285.299272             0.78326                   1
          297.264329             1.37002                   1
          299.261146             0.84515                   1
          307.248252             0.70593                   1
          317.216552             1.16139                   1
          339.103134             0.89841                   1
