           21.771437             0.51482                   1
           33.736511             0.51472                   1
           44.874899             0.51467                   1
           56.839891             0.51474                   1
           77.556500             0.51480                   1
           90.863213             0.51475                   1
           96.837895             0.51474                   1
          141.125873             0.51484                   1
          179.298686             0.51477                   1
          232.494631             0.51538                   1
          255.082690             0.51484                   1
          263.615844             0.51470                   1
          277.265754             0.51471                   1
          283.255963             0.51476                   1
          295.673563             0.51477                   1
          301.648230             0.51477                   1
          320.867248             0.51480                   1
          356.076072             0.51483                   1
          364.063195             0.51474                   1
          368.150441             0.51474                   1
          386.199363             0.51480                   1
          415.230715             0.51477                   1
