            8.028151             1.07571                   1
           31.755355             0.80401                   1
           54.858739             0.75625                   1
           67.572657             0.91403                   1
           79.537696             1.12477                   1
          109.364597             0.91326                   1
          143.106958             1.21028                   1
          153.356201             1.11287                   1
          175.320740             1.49990                   1
          191.280452             0.97990                   1
          220.529083             0.91475                   1
          236.487717             0.96381                   1
          249.092304             0.89500                   1
          261.634700             0.81636                   1
          314.892602             0.85348                   1
          332.395570             1.02220                   1
          352.098191             0.98318                   1
          370.131587             0.84546                   1
          421.221031             0.97907                   1
          441.314243             0.67748                   1
          445.307229             1.01242                   1
