           14.009902             0.51464                   1
           23.962605             0.51476                   1
           29.952875             0.51477                   1
           61.838985             0.51484                   1
           89.715944             0.51480                   1
          111.664939             0.51474                   1
          113.646124             0.51474                   1
          123.598744             0.51471                   1
          145.532119             0.51477                   1
          179.461798             0.51473                   1
          185.437608             0.52941                   1
          191.411308             0.51472                   1
          195.404876             0.51474                   1
          219.366192             0.51468                   1
          225.356560             0.51476                   1
          241.299835             0.51534                   1
          259.239386             0.51476                   1
          279.191607             0.51474                   1
          295.399860             0.51475                   1
          313.339696             0.51471                   1
