           10.025913             0.72569                   1
           13.988253             0.59526                   1
           37.933787             1.04897                   1
           73.828482             0.96116                   1
           79.803214             0.73823                   1
           83.796737             0.96063                   1
           85.777813             0.85148                   1
           93.718134             0.75092                   1
          115.604430             0.74394                   1
          127.539034             1.11295                   1
          137.537533             0.89814                   1
          181.403799             0.78250                   1
          193.368709             1.32923                   1
          233.241414             0.84726                   1
          241.228311             0.90012                   1
          261.149165             0.77870                   1
          267.139436             1.06820                   1
          277.123206             0.94013                   1
          289.088121             0.91886                   1
          316.980289             1.11381                   1
          340.956995             1.13637                   1
