           19.978539             0.51476                   1
           23.956416             0.51468                   1
           39.914902             0.51477                   1
           47.886274             0.51480                   1
           71.831738             0.51477                   1
           89.740166             0.51472                   1
           91.736896             0.51482                   1
           95.699244             0.51479                   1
          125.556938             0.51474                   1
          157.489493             0.51474                   1
          189.375145             0.51481                   1
          197.346641             0.51472                   1
          203.321286             0.51477                   1
          219.264063             0.51479                   1
          243.209479             0.51488                   1
          259.167961             0.51486                   1
          281.101102             0.51480                   1
          297.059532             0.51483                   1
          307.012174             0.51474                   1
          313.002435             0.51477                   1
          328.960858             0.51477                   1
