           27.956074             0.51475                   1
           83.834040             0.51484                   1
           93.817850             0.51476                   1
          103.786008             0.51476                   1
          137.637254             0.51473                   1
          141.630774             0.51476                   1
          157.573622             0.51478                   1
          165.513863             0.51506                   1
          181.456708             0.51477                   1
          187.447031             0.51475                   1
          191.409268             0.51479                   1
          211.345608             0.51478                   1
          215.339164             0.51477                   1
          229.300829             0.51479                   1
          235.291098             0.51479                   1
          247.240452             0.51474                   1
          255.227450             0.51475                   1
          261.202116             0.51479                   1
          277.145736             0.52960                   1
          281.122917             0.51474                   1
          295.084585             0.51541                   1
          311.027363             0.51478                   1
          317.002140             0.51467                   1
