           18.016857             0.83856                   1
           27.985055             0.87809                   1
           53.896060             0.98221                   1
           55.892837             0.98539                   1
           73.848056             1.26959                   1
           81.819429             1.05000                   1
          103.768124             0.87659                   1
          109.742807             0.86171                   1
          121.692186             0.75995                   1
          143.640868             0.90662                   1
          147.618782             0.96059                   1
          179.488910             0.85745                   1
          243.275949             1.05250                   1
          247.238206             0.71411                   1
          251.231705             1.00044                   1
          277.173940             1.00141                   1
          287.142058             0.90498                   1
          297.094702             0.72006                   1
          323.006202             1.07972                   1
          338.964136             1.09729                   1
          340.945214             0.86020                   1
