            8.029350             0.73036                   1
           12.007099             0.58445                   1
           31.943467             1.09545                   1
           45.905123             0.85336                   1
           57.870051             1.00808                   1
           69.850633             0.99518                   1
           87.759004             0.79024                   1
          105.667418             0.92923                   1
          107.648587             0.75599                   1
          111.642158             0.66633                   1
          113.623261             0.95718                   1
          119.597935             0.75030                   1
          123.575805             0.83629                   1
          139.518665             0.78893                   1
          149.502440             0.72483                   1
          159.470620             0.93239                   1
          183.400489             0.88174                   1
          205.302388             1.01116                   1
          213.289446             1.01588                   1
          227.251093             1.00582                   1
          293.066034             1.42084                   1
          299.040750             0.84596                   1
          303.019124             0.96347                   1
