           10.029821             0.51481                   1
           43.927881             0.51475                   1
           65.876605             0.51477                   1
           67.857742             0.51485                   1
           85.812954             0.51478                   1
           91.787686             0.51538                   1
          113.736333             0.51476                   1
          117.698631             0.51479                   1
          131.660317             0.51481                   1
          157.602613             0.51475                   1
          165.542751             0.51476                   1
          167.539518             0.51480                   1
          177.507717             0.51476                   1
          181.470068             0.51479                   1
          189.457075             0.51482                   1
          197.428505             0.51478                   1
          203.388453             0.52952                   1
          231.311688             0.52964                   1
          245.257051             0.51464                   1
          271.183644             0.51485                   1
          289.123376             0.51466                   1
          325.002505             0.51475                   1
