           10.016519             0.78309                   1
           23.962586             0.90861                   1
           45.911295             1.07125                   1
           55.895093             0.95913                   1
           57.876286             0.77788                   1
           65.863247             0.96665                   1
          105.767120             0.86156                   1
          109.729468             0.81906                   1
          121.694370             0.86983                   1
          129.681439             0.88247                   1
          147.605691             0.91770                   1
          153.595693             0.89547                   1
          155.576834             0.89033                   1
          177.494363             1.08408                   1
          201.393052             0.84064                   1
          217.320298             0.91290                   1
          241.265781             1.16671                   1
          273.167097             1.04037                   1
          293.103398             1.23948                   1
          297.081349             0.85343                   1
          307.049555             0.89294                   1
          322.992400             1.04552                   1
          326.970332             1.06745                   1
          334.957259             0.91232                   1
