            8.033393             0.71832                   1
           23.991563             0.71164                   1
           33.959730             0.93515                   1
           41.946711             0.86794                   1
           47.921409             0.94106                   1
           93.784333             0.90071                   1
          115.717516             0.82285                   1
          125.670079             0.89398                   1
          149.615556             0.99575                   1
          159.583709             1.05127                   1
          163.561649             0.91323                   1
          173.514221             1.06433                   1
          213.386885             0.95842                   1
          215.368146             0.77708                   1
          221.342649             0.88242                   1
          241.294659             0.78578                   1
          285.145340             0.96575                   1
          293.101163             1.00165                   1
          313.053084             0.90522                   1
          321.024549             1.23744                   1
          326.983606             1.19020                   1
