           18.016857             0.51476                   1
           27.985055             0.51480                   1
           53.896060             0.51472                   1
           55.892837             0.51478                   1
           73.848056             0.51475                   1
           81.819429             0.51480                   1
          103.768124             0.51481                   1
          109.742807             0.51479                   1
          121.692186             0.51480                   1
          143.640868             0.51476                   1
          147.618782             0.51541                   1
          179.488910             0.51473                   1
          243.275949             0.51469                   1
          247.238206             0.51474                   1
          251.231705             0.51477                   1
          277.173940             0.51478                   1
          287.142058             0.51484                   1
          297.094702             0.51469                   1
          323.006202             0.52989                   1
          338.964136             0.51479                   1
          340.945214             0.51530                   1
