            8.019998             0.78773                   1
           13.994403             0.72514                   1
           21.981437             0.88182                   1
           35.927475             0.83940                   1
           37.924310             0.81846                   1
           71.837937             1.15978                   1
           97.795741             1.04920                   1
          107.748320             0.80831                   1
          111.726262             0.75020                   1
          131.662571             0.90130                   1
          159.554746             0.87225                   1
          163.532679             1.05420                   1
          167.510626             0.69215                   1
          179.475557             1.15080                   1
          189.428134             0.56594                   1
          205.386589             0.84700                   1
          209.364508             0.54494                   1
          257.208580             1.04741                   1
          265.180035             1.16369                   1
          279.141745             0.88954                   1
          303.055964             1.09456                   1
          313.008836             0.88549                   1
          336.938520             0.96304                   1
