            8.033393             0.51500                   1
           23.991563             0.51475                   1
           33.959730             0.51476                   1
           41.946711             0.51483                   1
           47.921409             0.51474                   1
           93.784333             0.51479                   1
          115.717516             0.51475                   1
          125.670079             0.51476                   1
          149.615556             0.51474                   1
          159.583709             0.51482                   1
          163.561649             0.51477                   1
          173.514221             0.51480                   1
          213.386885             0.51485                   1
          215.368146             0.51476                   1
          221.342649             0.51518                   1
          241.294659             0.51484                   1
          285.145340             0.51472                   1
          293.101163             0.51481                   1
          313.053084             0.51478                   1
          321.024549             0.51479                   1
          326.983606             0.51479                   1
