            8.031077             0.92865                   1
           10.027656             0.63599                   1
           41.929003             0.95765                   1
           47.919263             0.95121                   1
           57.871918             0.91022                   1
           85.779658             0.88968                   1
           93.953844             0.61919                   1
           95.934963             0.87803                   1
          117.883698             1.22461                   1
          139.816841             0.99482                   1
          165.759042             0.80377                   1
          203.650621             1.02300                   1
          217.596638             0.78854                   1
          227.564854             0.98005                   1
          241.511013             0.71346                   1
          267.453122             1.20252                   1
          273.427829             1.13164                   1
          285.392792             1.18230                   1
          295.376615             1.03019                   1
          309.322629             1.11571                   1
          331.240190             0.98952                   1
          339.196825             1.04061                   1
