            8.019998             0.51491                   1
           13.994403             0.51477                   1
           21.981437             0.51480                   1
           35.927475             0.51526                   1
           37.924310             0.51478                   1
           71.837937             0.51474                   1
           97.795741             0.51485                   1
          107.748320             0.51476                   1
          111.726262             0.51477                   1
          131.662571             0.51489                   1
          159.554746             0.51480                   1
          163.532679             0.51477                   1
          167.510626             0.51475                   1
          179.475557             0.51477                   1
          189.428134             0.51476                   1
          205.386589             0.51474                   1
          209.364508             0.51472                   1
          257.208580             0.51478                   1
          265.180035             0.51477                   1
          279.141745             0.51479                   1
          303.055964             0.51480                   1
          313.008836             0.51541                   1
          336.938520             0.51475                   1
