           14.005625             1.10588                   1
           15.986756             0.76473                   1
           51.881666             0.77268                   1
           67.840030             0.84584                   1
           75.827098             0.83449                   1
           83.798446             1.05490                   1
           87.760805             1.38841                   1
           91.972719             0.76041                   1
          105.918762             0.94995                   1
          107.915559             1.27306                   1
          173.730481             1.32011                   1
          179.689578             1.05683                   1
          199.657092             1.14472                   1
          207.628552             0.85295                   1
          213.618810             0.99855                   1
          225.583771             1.16121                   1
          229.561654             0.85521                   1
          237.533507             0.86706                   1
          245.488861             0.75149                   1
          255.457040             1.14299                   1
          301.351252             0.91934                   1
          325.265500             0.82837                   1
          327.246682             0.77515                   1
          341.192791             0.99656                   1
