            8.031077             0.51490                   1
           10.027656             0.51477                   1
           41.929003             0.51476                   1
           47.919263             0.51477                   1
           57.871918             0.51465                   1
           85.779658             0.51482                   1
           93.953844             0.51479                   1
           95.934963             0.51477                   1
          117.883698             0.51480                   1
          139.816841             0.51478                   1
          165.759042             0.51480                   1
          203.650621             0.51481                   1
          217.596638             0.51477                   1
          227.564854             0.51483                   1
          241.511013             0.51476                   1
          267.453122             0.51491                   1
          273.427829             0.51484                   1
          285.392792             0.51471                   1
          295.376615             0.51472                   1
          309.322629             0.51485                   1
          331.240190             0.51484                   1
          339.196825             0.52959                   1
