           10.016519             0.51474                   1
           23.962586             0.51481                   1
           45.911295             0.51476                   1
           55.895093             0.51479                   1
           57.876286             0.51474                   1
           65.863247             0.51479                   1
          105.767120             0.51486                   1
          109.729468             0.51474                   1
          121.694370             0.51484                   1
          129.681439             0.51479                   1
          147.605691             0.51541                   1
          153.595693             0.51483                   1
          155.576834             0.51480                   1
          177.494363             0.51481                   1
          201.393052             0.51480                   1
          217.320298             0.51484                   1
          241.265781             0.51478                   1
          273.167097             0.51475                   1
          293.103398             0.51475                   1
          297.081349             0.51483                   1
          307.049555             0.51471                   1
          322.992400             0.51475                   1
          326.970332             0.51472                   1
          334.957259             0.51473                   1
