           25.970486             1.00472                   1
           29.964051             0.81900                   1
           31.945187             0.82184                   1
           49.900484             0.89795                   1
           59.852981             0.99315                   1
           81.801677             0.81974                   1
           89.991582             0.63759                   1
          111.893460             1.15102                   1
          125.855401             1.06865                   1
          129.848651             1.25931                   1
          135.838924             1.32484                   1
          151.797363             0.87790                   1
          153.778657             0.85656                   1
          157.771952             1.02313                   1
          167.740234             0.90254                   1
          187.676614             1.31752                   1
          239.529819             0.99875                   1
          275.424615             1.04680                   1
          277.405786             0.62559                   1
          305.344802             1.07770                   1
          313.316188             1.20204                   1
          323.284375             0.65760                   1
          337.214898             1.16661                   1
