           27.956074             0.86706                   1
           83.834040             0.97933                   1
           93.817850             1.10723                   1
          103.786008             0.69071                   1
          137.637254             1.16643                   1
          141.630774             0.89277                   1
          157.573622             0.88546                   1
          165.513863             0.68896                   1
          181.456708             0.80959                   1
          187.447031             1.01912                   1
          191.409268             0.71276                   1
          211.345608             0.93582                   1
          215.339164             0.89408                   1
          229.300829             0.99599                   1
          235.291098             1.10953                   1
          247.240452             1.23181                   1
          255.227450             1.13260                   1
          261.202116             1.17374                   1
          277.145736             1.18163                   1
          281.122917             0.78836                   1
          295.084585             0.84235                   1
          311.027363             1.03493                   1
          317.002140             0.91605                   1
