            8.029350             0.51488                   1
           12.007099             0.51476                   1
           31.943467             0.51474                   1
           45.905123             0.51471                   1
           57.870051             0.51483                   1
           69.850633             0.51474                   1
           87.759004             0.51477                   1
          105.667418             0.51478                   1
          107.648587             0.51473                   1
          111.642158             0.51473                   1
          113.623261             0.51468                   1
          119.597935             0.51473                   1
          123.575805             0.51480                   1
          139.518665             0.51483                   1
          149.502440             0.51477                   1
          159.470620             0.51477                   1
          183.400489             0.51476                   1
          205.302388             0.51480                   1
          213.289446             0.51475                   1
          227.251093             0.51478                   1
          293.066034             0.51479                   1
          299.040750             0.51475                   1
          303.019124             0.52986                   1
