           14.005625             0.51476                   1
           15.986756             0.51479                   1
           51.881666             0.51475                   1
           67.840030             0.51472                   1
           75.827098             0.51478                   1
           83.798446             0.51485                   1
           87.760805             0.51470                   1
           91.972719             0.51475                   1
          105.918762             0.51480                   1
          107.915559             0.51475                   1
          173.730481             0.51475                   1
          179.689578             0.51474                   1
          199.657092             0.51476                   1
          207.628552             0.51474                   1
          213.618810             0.51474                   1
          225.583771             0.51475                   1
          229.561654             0.51476                   1
          237.533507             0.51540                   1
          245.488861             0.51481                   1
          255.457040             0.51521                   1
          301.351252             0.51475                   1
          325.265500             0.51483                   1
          327.246682             0.51480                   1
          341.192791             0.51473                   1
