           10.029821             0.69783                   1
           43.927881             1.24667                   1
           65.876605             0.93729                   1
           67.857742             1.01212                   1
           85.812954             1.03229                   1
           91.787686             1.00139                   1
          113.736333             0.90006                   1
          117.698631             0.65768                   1
          131.660317             0.98355                   1
          157.602613             1.24849                   1
          165.542751             0.98007                   1
          167.539518             0.77527                   1
          177.507717             0.95076                   1
          181.470068             0.84422                   1
          189.457075             1.16903                   1
          197.428505             1.17332                   1
          203.388453             0.84515                   1
          231.311688             0.84904                   1
          245.257051             0.76727                   1
          271.183644             1.31988                   1
          289.123376             0.81164                   1
          325.002505             1.41133                   1
