           10.025913             0.51479                   1
           13.988253             0.51477                   1
           37.933787             0.51471                   1
           73.828482             0.51476                   1
           79.803214             0.51475                   1
           83.796737             0.51474                   1
           85.777813             0.51475                   1
           93.718134             0.51475                   1
          115.604430             0.51474                   1
          127.539034             0.52946                   1
          137.537533             0.51479                   1
          181.403799             0.51463                   1
          193.368709             0.51476                   1
          233.241414             0.51471                   1
          241.228311             0.51492                   1
          261.149165             0.51476                   1
          267.139436             0.51476                   1
          277.123206             0.51473                   1
          289.088121             0.51480                   1
          316.980289             0.51486                   1
          340.956995             0.51478                   1
