           19.978539             0.78881                   1
           23.956416             0.81881                   1
           39.914902             0.85183                   1
           47.886274             0.96819                   1
           71.831738             0.87001                   1
           89.740166             0.74498                   1
           91.736896             0.93221                   1
           95.699244             0.68973                   1
          125.556938             0.90308                   1
          157.489493             0.68956                   1
          189.375145             0.93089                   1
          197.346641             0.87116                   1
          203.321286             0.82434                   1
          219.264063             1.38507                   1
          243.209479             0.82289                   1
          259.167961             1.34392                   1
          281.101102             1.02612                   1
          297.059532             0.87525                   1
          307.012174             0.97028                   1
          313.002435             0.97984                   1
          328.960858             1.02092                   1
