           25.970486             0.51477                   1
           29.964051             0.51471                   1
           31.945187             0.51479                   1
           49.900484             0.51468                   1
           59.852981             0.51473                   1
           81.801677             0.51487                   1
           89.991582             0.51475                   1
          111.893460             0.51474                   1
          125.855401             0.51535                   1
          129.848651             0.51481                   1
          135.838924             0.51473                   1
          151.797363             0.51478                   1
          153.778657             0.51545                   1
          157.771952             0.51490                   1
          167.740234             0.51480                   1
          187.676614             0.51477                   1
          239.529819             0.51483                   1
          275.424615             0.51477                   1
          277.405786             0.51479                   1
          305.344802             0.51473                   1
          313.316188             0.51483                   1
          323.284375             0.51478                   1
          337.214898             0.51475                   1
