           14.551458             0.51480                   1
           24.504150             0.51477                   1
           42.475187             0.51479                   1
           46.468742             0.51469                   1
           56.437032             0.51478                   1
           58.418199             0.51484                   1
           86.326317             0.51485                   1
          102.284977             0.51478                   1
          106.247400             0.51473                   1
          110.226255             0.52943                   1
          132.174297             0.51478                   1
          154.123236             0.51472                   1
          230.079885             0.52939                   1
          232.075658             0.51488                   1
          238.050456             0.51471                   1
          271.933297             0.51476                   1
          299.872614             0.51478                   1
          307.828546             0.51478                   1
          333.755470             0.51477                   1
