            8.032874             1.10295                   1
           16.004193             0.99550                   1
           18.000976             0.59068                   1
           31.947293             0.91610                   1
           43.912316             0.46686                   1
           47.890306             0.67673                   1
           69.823713             0.49496                   1
           77.810819             0.69170                   1
           85.751140             0.82327                   1
          103.706517             0.79560                   1
          107.684455             1.28946                   1
          115.640412             0.83737                   1
          121.630699             0.87099                   1
          157.526003             1.07902                   1
          167.494329             0.78245                   1
          233.356844             1.50274                   1
          255.290180             1.25693                   1
          257.287096             0.91602                   1
          275.226805             0.95196                   1
          289.157473             1.23700                   1
          305.084903             0.95739                   1
          321.027937             1.15798                   1
          332.992978             1.00079                   1
