           16.007860             0.51488                   1
           65.849437             0.51485                   1
           72.089480             0.51474                   1
           76.051784             0.51541                   1
           88.048097             0.51469                   1
           98.016343             0.51478                   1
          117.937308             0.51485                   1
          137.873902             0.51482                   1
          145.861004             0.51481                   1
          147.842148             0.51483                   1
          153.832566             0.51480                   1
          163.800892             0.51482                   1
          173.753586             0.51470                   1
          207.636429             0.51480                   1
          217.589131             0.51480                   1
          229.554174             0.51484                   1
          239.506934             0.51478                   1
          249.490824             0.51477                   1
          271.393271             0.51548                   1
          279.380104             0.51475                   1
          287.351623             0.51476                   1
          295.323134             0.51478                   1
          315.259786             0.51475                   1
