           16.007860             0.80778                   1
           65.849437             0.75729                   1
           72.089480             0.76507                   1
           76.051784             0.80273                   1
           88.048097             1.12620                   1
           98.016343             0.84577                   1
          117.937308             0.80441                   1
          137.873902             1.04344                   1
          145.861004             0.48018                   1
          147.842148             0.82700                   1
          153.832566             1.01254                   1
          163.800892             0.98793                   1
          173.753586             1.04305                   1
          207.636429             0.46765                   1
          217.589131             0.62274                   1
          229.554174             0.94549                   1
          239.506934             1.12851                   1
          249.490824             0.89644                   1
          271.393271             1.18556                   1
          279.380104             0.79853                   1
          287.351623             0.88287                   1
          295.323134             0.45522                   1
          315.259786             0.93423                   1
