           39.948270             0.51473                   1
           87.808607             0.51477                   1
           95.748909             0.51481                   1
          101.724464             0.52950                   1
          115.701080             0.51479                   1
          127.650555             0.51471                   1
          139.631227             0.51480                   1
          159.552245             0.51476                   1
          177.507657             0.51480                   1
          193.435074             0.51477                   1
          211.374921             0.51477                   1
          219.346417             0.51481                   1
          259.235177             0.51530                   1
          267.222352             0.51481                   1
          275.193881             0.51475                   1
          283.165422             0.51470                   1
          297.127341             0.51471                   1
          299.108510             0.51475                   1
          307.095566             0.51480                   1
          317.063859             0.51482                   1
          321.026228             0.51476                   1
          338.950478             0.51475                   1
