           16.532641             0.51473                   1
           74.361254             0.51482                   1
           80.336012             0.51477                   1
           92.316724             0.51475                   1
           94.297851             0.51479                   1
          104.266162             0.51474                   1
          124.202782             0.51478                   1
          156.105046             0.51532                   1
          164.091556             0.51478                   1
          226.100997             0.51474                   1
          250.031146             0.51479                   1
          258.002630             0.51478                   1
          263.961805             0.51470                   1
          289.888712             0.51475                   1
          331.774305             0.51470                   1
          335.736644             0.51480                   1
