           45.909167             0.51471                   1
           57.874172             0.51477                   1
           67.842481             0.51479                   1
           81.774156             0.52938                   1
           83.769938             0.51478                   1
           99.713631             0.52968                   1
          125.593131             0.51472                   1
          129.586719             0.51471                   1
          137.573808             0.51482                   1
          149.538873             0.51477                   1
          165.513106             0.51474                   1
          207.398715             0.51479                   1
          235.338029             0.51476                   1
          267.255282             0.51470                   1
          281.185863             0.51487                   1
          285.179373             0.51491                   1
          291.138602             0.51480                   1
          293.135428             0.51482                   1
          309.062837             0.51487                   1
          315.037639             0.51480                   1
          323.009172             0.51478                   1
          338.983369             0.51478                   1
          340.964571             0.51478                   1
