            8.020963             1.08284                   1
           29.985442             0.85392                   1
           45.928707             0.84641                   1
           49.906396             0.57661                   1
           61.871477             0.81533                   1
           74.070542             0.84797                   1
          103.975488             0.91848                   1
          107.969031             0.81288                   1
          119.918490             1.01519                   1
          135.892763             0.96065                   1
          155.813738             0.45126                   1
          171.772378             0.87232                   1
          177.731499             0.89706                   1
          189.712139             1.11623                   1
          225.576250             1.09141                   1
          233.516534             1.19103                   1
          251.471978             1.04324                   1
          267.415034             1.16383                   1
          293.341966             1.18043                   1
          307.288224             0.86591                   1
          321.250037             0.93583                   1
          325.228052             0.95771                   1
