file version= 2.0
gentask.....= PsychoPy
id..........=
operator....=
doctor......=
referral....=
institution.=
subject.....= P24E2BOLa
age.........=
sex.........=
hand........=
medications.=
class.......=
state.......=
label.......=
date........= 2015_Oct_30_1631
time........=
education...=
occupation..=
  Trial  Resp  Type  Correct      Latency    Stim/Resp
  ----- ----- -----    -----        -----        -----
      1     6   124        1  1082.835986         Stim
      2     6   342        1   807.783193         Stim
      3     1   285        1   934.015780         Stim
      4     1   161        1   853.916010         Stim
      5     6   242        1   864.742069         Stim
      6     6   265        1   942.706484         Stim
      7     1   161        1   846.405257         Stim
      8     1   241        1   873.814685         Stim
      9     1   165        1  1076.605637         Stim
     10     1   241        1   820.446975         Stim
     11     6   161        1   815.325046         Stim
     12     6   241        1   810.153667         Stim
     13     1   362        1   757.288229         Stim
     14     1   281        1  1355.207300         Stim
     15     6   361        1   765.070489         Stim
     16     6   181        1   847.970853         Stim
     17     6   346        1   802.731861         Stim
     18     6   381        1  1126.199932         Stim
     19     1   284        1   769.045435         Stim
     20     6   362        1   845.771742         Stim
     21     6   281        1   819.745972         Stim
     22     1   162        1   918.481117         Stim
     23     6   144        1   812.882108         Stim
     24     0   141        0  1515.793000         Stim
     25     1   341        1   804.414395         Stim
     26     1   182        1  1015.192869         Stim
     27     6   246        1   765.514603         Stim
     28     1   161        1   960.648630         Stim
     29     1   344        1  1043.438277         Stim
     30     1   381        1  1480.181253         Stim
     31     6   383        1   827.004189         Stim
     32     6   381        1  1012.535960         Stim
     33     1   184        1  1151.257546         Stim
     34     6   342        1   987.925881         Stim
     35     1   282        1   793.962785         Stim
     36     6   161        1   872.317510         Stim
     37     1   342        1  1043.053253         Stim
     38     6   183        1   897.064120         Stim
     39     6   243        1  1370.530480         Stim
     40     6   161        1  1116.228513         Stim
     41     1   242        1  1070.969307         Stim
     42     0   361        0  1515.793000         Stim
     43     1   283        1   792.121018         Stim
     44     1   262        1   889.206597         Stim
     45     6   361        1  1367.654624         Stim
     46     1   283        1   682.383474         Stim
     47     6   261        1  1107.437978         Stim
     48     1   364        1   622.735345         Stim
     49     6   182        1  1091.410062         Stim
     50     1   341        1   945.494948         Stim
     51     6   281        1   756.241078         Stim
     52     6   163        1  1191.027838         Stim
     53     6   345        1  1128.512560         Stim
     54     1   381        1   896.441489         Stim
     55     1   182        1  1043.239545         Stim
     56     6   244        1  1121.507811         Stim
     57     6   261        1  1078.322381         Stim
     58     6   261        1  1209.131396         Stim
     59     1   162        1  1163.834869         Stim
     60     6   344        1  1185.563804         Stim
     61     1   382        1   798.528017         Stim
     62     1   282        1  1172.905620         Stim
     63     1   363        1   882.866464         Stim
     64     6   181        1  1180.434100         Stim
     65     6   343        1  1255.216319         Stim
     66     1   283        1   728.874258         Stim
     67     1   163        1   865.906780         Stim
     68     6   241        1   827.428088         Stim
     69     1   363        1   934.227263         Stim
     70     6   182        1   935.830801         Stim
     71     1   146        1   957.713994         Stim
     72     0   143        0  1515.793000         Stim
      1     6   123        1  1102.953607         Stim
      2     1   241        1  1272.721816         Stim
      3     1   161        1   995.495414         Stim
      4     1   143        1   590.684178         Stim
      5     6   243        1   927.773303         Stim
      6     1   261        1   921.376567         Stim
      7     6   164        1   916.095093         Stim
      8     0   142        0  1515.670000         Stim
      9     1   141        1  1366.857831         Stim
     10     1   341        1   953.937469         Stim
     11     1   185        1   676.727862         Stim
     12     6   342        1  1076.693029         Stim
     13     6   283        1  1338.668715         Stim
     14     1   361        1  1012.245793         Stim
     15     6   184        1  1494.956444         Stim
     16     1   141        1   691.700851         Stim
     17     6   241        1  1230.553059         Stim
     18     6   361        1   928.283350         Stim
     19     1   381        1   740.466320         Stim
     20     6   182        1   823.266540         Stim
     21     6   245        1   837.244005         Stim
     22     1   362        1   964.464342         Stim
     23     6   182        1   795.604577         Stim
     24     6   142        1  1289.458510         Stim
     25     1   241        1   911.816918         Stim
     26     6   261        1   938.582878         Stim
     27     1   163        1   837.367473         Stim
     28     1   141        1   870.985790         Stim
     29     1   241        1   961.678055         Stim
     30     6   362        1   788.476359         Stim
     31     1   384        1   954.764430         Stim
     32     1   384        1  1079.558001         Stim
     33     6   282        1  1020.334703         Stim
     34     1   364        1  1290.274897         Stim
     35     6   184        1  1079.018097         Stim
     36     1   341        1   947.728269         Stim
     37     1   186        1   782.453450         Stim
     38     6   243        1  1017.636741         Stim
     39     6   262        1   899.159044         Stim
     40     1   261        1   793.129605         Stim
     41     1   262        1   851.353335         Stim
     42     6   266        1   930.233969         Stim
     43     1   366        1  1029.341697         Stim
     44     0   283        0  1515.670000         Stim
     45     1   264        1   801.989805         Stim
     46     6   161        1  1502.744613         Stim
     47     6   343        1  1241.480194         Stim
     48     0   285        0  1515.670000         Stim
     49     6   262        1   850.998790         Stim
     50     6   161        1  1256.933063         Stim
     51     1   141        1   916.016409         Stim
     52     6   244        1   638.985628         Stim
     53     6   363        1  1043.628300         Stim
     54     1   281        1  1204.759609         Stim
     55     1   162        1   951.959171         Stim
     56     1   241        1  1165.940679         Stim
     57     1   362        1  1472.767845         Stim
     58     6   382        1   839.226346         Stim
     59     6   181        1  1236.996756         Stim
     60     6   341        1   903.886931         Stim
     61     6   381        1   906.993553         Stim
     62     1   282        1  1005.758244         Stim
     63     0   363        0  1515.670000         Stim
     64     1   182        1   957.392105         Stim
     65     1   342        1   939.287614         Stim
     66     6   281        1   961.626428         Stim
     67     6   363        1  1044.386840         Stim
     68     6   181        1  1157.977104         Stim
     69     6   345        1   768.724478         Stim
     70     1   183        1  1000.785597         Stim
     71     1   341        1  1146.195640         Stim
     72     6   381        1   741.020218         Stim
