            8.031115             0.51486                   1
           19.996038             0.51483                   1
           25.970804             0.51480                   1
           27.967502             0.51477                   1
           49.916555             0.51477                   1
           61.881578             0.51488                   1
           71.834307             0.51480                   1
           81.818210             0.51480                   1
          119.679009             0.51488                   1
          131.644138             0.51475                   1
          147.587129             0.51526                   1
          155.558666             0.51479                   1
          165.526972             0.51473                   1
          183.482385             0.51477                   1
          185.464575             0.52939                   1
          207.412551             0.51480                   1
          209.393721             0.51481                   1
          215.368473             0.51482                   1
          253.276136             0.51474                   1
          273.212737             0.51478                   1
          289.140132             0.51479                   1
          309.076748             0.51480                   1
          319.045061             0.51481                   1
          325.004185             0.51472                   1
