            8.561293             0.51476                   1
           32.491271             0.51479                   1
           54.440210             0.51488                   1
           64.393536             0.51527                   1
           66.389765             0.51478                   1
           68.370966             0.51475                   1
          128.180857             0.51536                   1
          140.161402             0.51484                   1
          220.126180             0.51477                   1
          224.119739             0.51483                   1
          248.034456             0.51522                   1
          261.980596             0.51478                   1
          267.955336             0.51478                   1
          301.853759             0.51476                   1
          305.847323             0.51481                   1
          309.809699             0.51482                   1
          319.793659             0.51477                   1
          323.787118             0.51483                   1
          341.726951             0.51475                   1
