            8.031115             1.19277                   1
           19.996038             0.76356                   1
           25.970804             1.14866                   1
           27.967502             0.71193                   1
           49.916555             0.73050                   1
           61.881578             0.78923                   1
           71.834307             0.83629                   1
           81.818210             0.73223                   1
          119.679009             0.82274                   1
          131.644138             0.77738                   1
          147.587129             1.29005                   1
          155.558666             0.99036                   1
          165.526972             0.88590                   1
          183.482385             1.00214                   1
          185.464575             0.84391                   1
          207.412551             1.07953                   1
          209.393721             1.22630                   1
          215.368473             0.73145                   1
          253.276136             0.87108                   1
          273.212737             0.67815                   1
          289.140132             0.86243                   1
          309.076748             0.75749                   1
          319.045061             0.87693                   1
          325.004185             0.70973                   1
