           39.948270             0.93898                   1
           87.808607             0.73372                   1
           95.748909             0.68927                   1
          101.724464             0.81760                   1
          115.701080             0.72071                   1
          127.650555             1.01902                   1
          139.631227             0.78210                   1
          159.552245             0.97275                   1
          177.507657             0.80897                   1
          193.435074             1.25731                   1
          211.374921             0.76509                   1
          219.346417             0.87345                   1
          259.235177             0.84793                   1
          267.222352             0.80458                   1
          275.193881             0.93688                   1
          283.165422             0.95724                   1
          297.127341             0.94704                   1
          299.108510             0.82190                   1
          307.095566             0.97862                   1
          317.063859             1.06611                   1
          321.026228             1.02368                   1
          338.950478             0.87514                   1
