            8.020963             0.51493                   1
           29.985442             0.51472                   1
           45.928707             0.51537                   1
           49.906396             0.51478                   1
           61.871477             0.51477                   1
           74.070542             0.51476                   1
          103.975488             0.51546                   1
          107.969031             0.51483                   1
          119.918490             0.51483                   1
          135.892763             0.51474                   1
          155.813738             0.51479                   1
          171.772378             0.51482                   1
          177.731499             0.51480                   1
          189.712139             0.51485                   1
          225.576250             0.51479                   1
          233.516534             0.51482                   1
          251.471978             0.51478                   1
          267.415034             0.51477                   1
          293.341966             0.51475                   1
          307.288224             0.51475                   1
          321.250037             0.51480                   1
          325.228052             0.51472                   1
