           20.001550             0.51475                   1
           31.966616             0.51473                   1
           35.944528             0.51481                   1
           47.925233             0.51477                   1
           59.890329             0.51481                   1
           63.852615             0.51486                   1
           69.827392             0.51476                   1
           90.029206             0.51475                   1
          101.994295             0.51472                   1
          123.912118             0.51470                   1
          167.778811             0.51477                   1
          183.721912             0.51472                   1
          191.693346             0.51482                   1
          197.668125             0.51477                   1
          203.642915             0.51473                   1
          209.617587             0.51481                   1
          215.592437             0.51542                   1
          231.535345             0.51485                   1
          255.465599             0.51471                   1
          263.452665             0.51484                   1
          265.433823             0.51481                   1
          283.373670             0.51481                   1
          301.313438             0.51488                   1
          313.278605             0.51478                   1
