           14.551458             0.99219                   1
           24.504150             0.91935                   1
           42.475187             0.78798                   1
           46.468742             1.05837                   1
           56.437032             0.86589                   1
           58.418199             0.75666                   1
           86.326317             1.40005                   1
          102.284977             0.70508                   1
          106.247400             0.75856                   1
          110.226255             0.75561                   1
          132.174297             0.99119                   1
          154.123236             1.24979                   1
          230.079885             0.73973                   1
          232.075658             0.71198                   1
          238.050456             0.85705                   1
          271.933297             0.82153                   1
          299.872614             0.89771                   1
          307.828546             0.76568                   1
          333.755470             0.87023                   1
