           12.024530             0.51470                   1
           16.002466             0.51479                   1
           47.935417             0.51474                   1
           51.897709             0.51481                   1
           63.862809             0.51535                   1
           69.853197             0.51473                   1
           89.789756             0.51478                   1
           91.770870             0.51511                   1
          113.720027             0.51466                   1
          123.672526             0.51487                   1
          143.609165             0.51484                   1
          153.577534             0.51478                   1
          167.523790             0.51481                   1
          191.453905             0.51482                   1
          195.431903             0.51477                   1
          229.330347             0.51482                   1
          235.320685             0.51479                   1
          241.295966             0.52983                   1
          249.282462             0.51482                   1
          257.254118             0.51475                   1
          277.175065             0.51476                   1
          323.007356             0.51477                   1
          328.982128             0.51479                   1
          336.969243             0.51482                   1
