           45.909167             0.95394                   1
           57.874172             1.07669                   1
           67.842481             1.01225                   1
           81.774156             0.92828                   1
           83.769938             0.74047                   1
           99.713631             0.96446                   1
          125.593131             0.78848                   1
          129.586719             0.95476                   1
          137.573808             1.07956                   1
          149.538873             0.59027                   1
          165.513106             0.94773                   1
          207.398715             1.02934                   1
          235.338029             1.24148                   1
          267.255282             1.04363                   1
          281.185863             0.47277                   1
          285.179373             0.83923                   1
          291.138602             0.90389                   1
          293.135428             0.90699                   1
          309.062837             0.93929                   1
          315.037639             1.04439                   1
          323.009172             0.76872                   1
          338.983369             0.44620                   1
          340.964571             0.74102                   1
