           20.001550             0.93402                   1
           31.966616             0.86474                   1
           35.944528             0.94271                   1
           47.925233             0.87381                   1
           59.890329             0.82045                   1
           63.852615             0.81015                   1
           69.827392             1.35521                   1
           90.029206             0.76905                   1
          101.994295             0.81975                   1
          123.912118             0.76551                   1
          167.778811             0.79396                   1
          183.721912             1.37053                   1
          191.693346             1.07097                   1
          197.668125             0.79212                   1
          203.642915             0.88921                   1
          209.617587             0.68238                   1
          215.592437             1.10744                   1
          231.535345             0.75624                   1
          255.465599             1.12151                   1
          263.452665             1.07832                   1
          265.433823             1.20913                   1
          283.373670             1.17291                   1
          301.313438             0.72887                   1
          313.278605             0.82743                   1
