           16.532641             0.72304                   1
           74.361254             0.79732                   1
           80.336012             0.88644                   1
           92.316724             1.40952                   1
           94.297851             0.73234                   1
          104.266162             0.73984                   1
          124.202782             0.70685                   1
          156.105046             0.76402                   1
          164.091556             0.81732                   1
          226.100997             0.62274                   1
          250.031146             0.69213                   1
          258.002630             0.74444                   1
          263.961805             0.69724                   1
          289.888712             0.84182                   1
          331.774305             0.78739                   1
          335.736644             0.76902                   1
