            8.561293             1.07046                   1
           32.491271             0.76411                   1
           54.440210             0.99074                   1
           64.393536             0.70124                   1
           66.389765             0.91299                   1
           68.370966             0.63574                   1
          128.180857             0.71270                   1
          140.161402             0.74794                   1
          220.126180             1.48561                   1
          224.119739             0.90799                   1
          248.034456             0.89682                   1
          261.980596             0.73440                   1
          267.955336             0.71161                   1
          301.853759             0.78854                   1
          305.847323             0.77088                   1
          309.809699             0.75243                   1
          319.793659             0.80028                   1
          323.787118             0.70277                   1
          341.726951             0.92260                   1
