           14.023026             0.51483                   1
           23.975743             0.51479                   1
           29.966066             0.51476                   1
           61.852147             0.51476                   1
           79.791945             0.51480                   1
           89.729042             0.51493                   1
          111.678024             0.51477                   1
          113.659247             0.51475                   1
          123.611944             0.51479                   1
          145.560898             0.51476                   1
          179.474957             0.51480                   1
          185.465296             0.51476                   1
          189.443260             0.51481                   1
          191.425036             0.51528                   1
          195.418024             0.51477                   1
          225.369731             0.51479                   1
          251.312243             0.51478                   1
          259.268150             0.51485                   1
          273.230017             0.51471                   1
          279.204734             0.51472                   1
          295.116641             0.51476                   1
          313.056427             0.51474                   1
