           12.024530             0.65523                   1
           16.002466             0.50917                   1
           47.935417             0.88764                   1
           51.897709             0.71734                   1
           63.862809             0.68802                   1
           69.853197             0.92943                   1
           89.789756             0.76855                   1
           91.770870             0.80340                   1
          113.720027             0.85381                   1
          123.672526             1.30112                   1
          143.609165             0.93214                   1
          153.577534             0.99563                   1
          167.523790             0.92902                   1
          191.453905             0.99846                   1
          195.431903             0.77238                   1
          229.330347             0.76130                   1
          235.320685             0.73088                   1
          241.295966             0.65951                   1
          249.282462             0.84082                   1
          257.254118             0.78902                   1
          277.175065             0.67573                   1
          323.007356             0.77056                   1
          328.982128             0.81969                   1
          336.969243             0.99241                   1
