            8.032874             0.51474                   1
           16.004193             0.51478                   1
           18.000976             0.51478                   1
           31.947293             0.51478                   1
           43.912316             0.51468                   1
           47.890306             0.51476                   1
           69.823713             0.51474                   1
           77.810819             0.51478                   1
           85.751140             0.51467                   1
          103.706517             0.51477                   1
          107.684455             0.51475                   1
          115.640412             0.51481                   1
          121.630699             0.51484                   1
          157.526003             0.51476                   1
          167.494329             0.51479                   1
          233.356844             0.51475                   1
          255.290180             0.51484                   1
          257.287096             0.51470                   1
          275.226805             0.51478                   1
          289.157473             0.51481                   1
          305.084903             0.51471                   1
          321.027937             0.51478                   1
          332.992978             0.51485                   1
