           14.023026             1.27272                   1
           23.975743             0.92777                   1
           29.966066             0.92138                   1
           61.852147             1.33867                   1
           79.791945             1.23055                   1
           89.729042             0.83724                   1
          111.678024             0.91182                   1
          113.659247             0.93858                   1
          123.611944             0.96168                   1
          145.560898             1.02033                   1
          179.474957             1.01764                   1
          185.465296             0.89916                   1
          189.443260             0.79313                   1
          191.425036             0.85135                   1
          195.418024             0.93023                   1
          225.369731             0.80199                   1
          251.312243             0.85100                   1
          259.268150             0.63899                   1
          273.230017             1.20476                   1
          279.204734             1.16594                   1
          295.116641             1.00576                   1
          313.056427             0.96163                   1
