            8.034213             0.70948                   1
           10.030797             0.80081                   1
           41.932101             0.86652                   1
           47.922317             1.01212                   1
           57.874934             0.96319                   1
           85.782692             1.03860                   1
           93.722927             0.73011                   1
           95.704087             0.81285                   1
          117.652791             1.03151                   1
          139.585929             1.08168                   1
          177.477467             1.04536                   1
          203.419694             0.78992                   1
          217.365759             1.37942                   1
          227.334364             0.84252                   1
          241.280076             0.90438                   1
          267.222291             0.92931                   1
          273.212476             0.63502                   1
          285.161890             1.06121                   1
          295.145658             0.66914                   1
          309.091834             1.29850                   1
          319.075549             0.66657                   1
          338.980676             1.10472                   1
