            8.022797             0.51491                   1
           13.997244             0.51476                   1
           21.984300             0.51468                   1
           35.930370             0.51540                   1
           37.927125             0.51477                   1
           71.840751             0.51477                   1
           97.798624             0.51472                   1
          107.751255             0.51469                   1
          111.729091             0.51480                   1
          117.703742             0.51472                   1
          131.665497             0.51478                   1
          159.557647             0.51474                   1
          167.513466             0.51481                   1
          189.430962             0.51476                   1
          205.389417             0.51476                   1
          209.367338             0.51476                   1
          257.211406             0.51475                   1
          265.182839             0.51481                   1
          279.144567             0.51474                   1
          303.058872             0.51470                   1
          313.011765             0.53004                   1
          336.941297             0.51475                   1
