           83.836933             0.75245                   1
           93.820627             0.93639                   1
          103.788886             0.95185                   1
          137.640128             0.82760                   1
          157.576470             0.93859                   1
          181.459524             0.65481                   1
          187.449823             0.71231                   1
          191.412098             0.90996                   1
          211.348455             0.97291                   1
          215.341955             1.09131                   1
          229.303693             0.76114                   1
          235.293973             0.77067                   1
          239.271825             0.85669                   1
          247.243264             1.33299                   1
          277.163416             0.85195                   1
          281.125726             0.80953                   1
          295.087913             0.92688                   1
          311.030278             1.44801                   1
          317.004928             1.12117                   1
