           10.022582             0.69699                   1
           13.984826             0.63861                   1
           37.930241             1.12448                   1
           73.825183             0.84440                   1
           79.799820             0.88561                   1
           83.793326             0.82797                   1
           85.774524             0.88670                   1
           93.714708             0.83432                   1
          115.601012             0.81932                   1
          127.534724             0.88525                   1
          137.519262             0.82035                   1
          167.454291             1.01241                   1
          193.365260             0.71664                   1
          233.238006             0.81864                   1
          241.225024             0.67940                   1
          249.196452             0.56377                   1
          261.145816             0.78202                   1
          267.136086             0.55159                   1
          277.119839             1.28746                   1
          289.084771             1.09015                   1
          316.976948             0.80518                   1
          340.938043             0.69131                   1
