            8.034213             0.51480                   1
           10.030797             0.51474                   1
           41.932101             0.51472                   1
           47.922317             0.51480                   1
           57.874934             0.51475                   1
           85.782692             0.51475                   1
           93.722927             0.51484                   1
           95.704087             0.51477                   1
          117.652791             0.51480                   1
          139.585929             0.51476                   1
          177.477467             0.51476                   1
          203.419694             0.51478                   1
          217.365759             0.51474                   1
          227.334364             0.51537                   1
          241.280076             0.51477                   1
          267.222291             0.51479                   1
          273.212476             0.51482                   1
          285.161890             0.51475                   1
          295.145658             0.51477                   1
          309.091834             0.51522                   1
          319.075549             0.51470                   1
          338.980676             0.51482                   1
