           10.026856             0.51479                   1
           43.924873             0.51476                   1
           65.873607             0.51479                   1
           67.854650             0.51487                   1
           85.809938             0.51477                   1
           91.800223             0.51482                   1
          113.733325             0.51483                   1
          117.695610             0.51505                   1
          131.657362             0.51476                   1
          157.599569             0.51473                   1
          165.867384             0.51479                   1
          177.816714             0.51474                   1
          181.794608             0.51483                   1
          189.781643             0.51478                   1
          197.753083             0.51469                   1
          203.712126             0.51478                   1
          231.635479             0.51475                   1
          245.581627             0.51467                   1
          259.527632             0.51504                   1
          261.524385             0.51494                   1
          271.508212             0.51480                   1
          289.447789             0.51492                   1
          325.327060             0.51476                   1
