            8.030190             0.51487                   1
           23.988541             0.51475                   1
           33.956686             0.51476                   1
           41.943742             0.51472                   1
           47.918365             0.51484                   1
           93.781370             0.51478                   1
          115.714462             0.51479                   1
          125.667001             0.51480                   1
          159.580679             0.51481                   1
          173.838784             0.51473                   1
          193.759542             0.51482                   1
          199.734156             0.51484                   1
          213.695854             0.51479                   1
          221.667346             0.51471                   1
          241.603612             0.51488                   1
          285.469885             0.51481                   1
          293.425750             0.51480                   1
          313.377639             0.51481                   1
          315.374476             0.51482                   1
          321.349122             0.51480                   1
          327.308189             0.51478                   1
