            8.026035             0.78163                   1
           12.003679             0.57985                   1
           31.940074             1.05883                   1
           45.901780             0.60867                   1
           57.866688             1.13942                   1
           69.847228             1.09448                   1
           87.755629             1.16154                   1
          105.664126             1.01249                   1
          107.645161             0.88737                   1
          111.638709             1.08575                   1
          113.619920             0.99237                   1
          119.594541             1.46563                   1
          123.572471             0.87959                   1
          139.515272             0.93630                   1
          149.498981             1.32825                   1
          159.467239             1.10369                   1
          183.381539             0.87665                   1
          205.298991             0.87854                   1
          213.286054             0.85123                   1
          227.247751             0.75307                   1
          255.171127             0.99684                   1
          293.062661             1.00815                   1
          299.037365             0.63329                   1
          303.015224             0.64731                   1
