           25.973634             0.51469                   1
           29.967136             0.51478                   1
           31.948236             0.51482                   1
           49.903471             0.51479                   1
           59.856136             0.51471                   1
           81.805674             0.52949                   1
           89.744930             0.51517                   1
          111.662537             0.51473                   1
          125.624191             0.51481                   1
          129.617706             0.51480                   1
          135.592856             0.51529                   1
          151.566486             0.51470                   1
          153.547595             0.51488                   1
          157.541145             0.51472                   1
          167.509310             0.51468                   1
          187.445628             0.51477                   1
          239.298906             0.51481                   1
          251.248249             0.51474                   1
          275.193687             0.51482                   1
          277.174832             0.51480                   1
          305.113828             0.51475                   1
          313.085263             0.51481                   1
          323.053354             0.51484                   1
          336.999524             0.51477                   1
