            8.030190             1.00148                   1
           23.988541             0.75465                   1
           33.956686             1.00220                   1
           41.943742             1.23889                   1
           47.918365             0.77610                   1
           93.781370             0.97569                   1
          115.714462             1.10587                   1
          125.667001             1.02505                   1
          159.580679             1.19833                   1
          173.838784             0.76376                   1
          193.759542             1.25841                   1
          199.734156             0.86761                   1
          213.695854             1.04952                   1
          221.667346             0.70177                   1
          241.603612             0.82885                   1
          285.469885             1.36923                   1
          293.425750             0.64510                   1
          313.377639             0.70059                   1
          315.374476             0.86374                   1
          321.349122             0.74484                   1
          327.308189             0.73756                   1
