           10.019336             0.51481                   1
           23.965474             0.51473                   1
           45.914160             0.51477                   1
           55.897904             0.51486                   1
           57.879034             0.51473                   1
           65.866083             0.51481                   1
          105.770007             0.51481                   1
          109.732337             0.51472                   1
          121.697260             0.51478                   1
          129.684314             0.51477                   1
          147.608486             0.51539                   1
          155.579660             0.51479                   1
          177.497222             0.51478                   1
          201.395863             0.51478                   1
          217.323227             0.51474                   1
          241.268637             0.51467                   1
          273.169951             0.51475                   1
          293.106302             0.51474                   1
          297.084195             0.51475                   1
          307.052384             0.51472                   1
          322.995204             0.51473                   1
          326.973080             0.51486                   1
          334.960152             0.51478                   1
