           18.013839             0.64151                   1
           53.893136             0.63314                   1
           55.889863             1.13236                   1
           73.844998             0.76065                   1
           81.817131             1.18024                   1
          103.765171             1.03156                   1
          109.755421             1.11310                   1
          121.689134             1.26705                   1
          143.637801             1.03770                   1
          147.631392             1.09196                   1
          179.813459             1.43692                   1
          229.654333             1.23444                   1
          243.600403             1.03997                   1
          247.562769             0.79750                   1
          251.556279             0.69185                   1
          287.451218             0.95577                   1
          297.419268             0.68344                   1
          309.399848             0.98252                   1
          323.330236             0.85166                   1
          339.288735             0.66073                   1
          341.269921             0.94342                   1
