           83.836933             0.51475                   1
           93.820627             0.51479                   1
          103.788886             0.51474                   1
          137.640128             0.51472                   1
          157.576470             0.51475                   1
          181.459524             0.51480                   1
          187.449823             0.51479                   1
          191.412098             0.51476                   1
          211.348455             0.51498                   1
          215.341955             0.51482                   1
          229.303693             0.51474                   1
          235.293973             0.51473                   1
          239.271825             0.51487                   1
          247.243264             0.51476                   1
          277.163416             0.51478                   1
          281.125726             0.51480                   1
          295.087913             0.52986                   1
          311.030278             0.51480                   1
          317.004928             0.51476                   1
