           25.973634             0.89745                   1
           29.967136             1.35985                   1
           31.948236             0.98668                   1
           49.903471             0.77490                   1
           59.856136             0.97394                   1
           81.805674             0.88772                   1
           89.744930             0.93222                   1
          111.662537             1.06996                   1
          125.624191             1.38783                   1
          129.617706             1.35422                   1
          135.592856             0.92287                   1
          151.566486             1.06076                   1
          153.547595             1.06358                   1
          157.541145             1.50189                   1
          167.509310             0.24547                   1
          187.445628             0.98849                   1
          239.298906             1.08562                   1
          251.248249             0.99189                   1
          275.193687             0.89372                   1
          277.174832             0.88851                   1
          305.113828             1.23660                   1
          313.085263             0.80099                   1
          323.053354             0.64063                   1
          336.999524             0.98201                   1
