           18.013839             0.51478                   1
           53.893136             0.51528                   1
           55.889863             0.51473                   1
           73.844998             0.51486                   1
           81.817131             0.52966                   1
          103.765171             0.51478                   1
          109.755421             0.51480                   1
          121.689134             0.51479                   1
          143.637801             0.51481                   1
          147.631392             0.51485                   1
          179.813459             0.51479                   1
          229.654333             0.51483                   1
          243.600403             0.51483                   1
          247.562769             0.51476                   1
          251.556279             0.51477                   1
          287.451218             0.51536                   1
          297.419268             0.51473                   1
          309.399848             0.51474                   1
          323.330236             0.51476                   1
          339.288735             0.51478                   1
          341.269921             0.51478                   1
