           10.019336             1.08432                   1
           23.965474             0.83374                   1
           45.914160             1.28442                   1
           55.897904             0.62031                   1
           57.879034             0.72714                   1
           65.866083             1.13984                   1
          105.770007             0.83466                   1
          109.732337             1.45621                   1
          121.697260             1.20291                   1
          129.684314             1.10361                   1
          147.608486             0.94687                   1
          155.579660             0.98350                   1
          177.497222             0.83323                   1
          201.395863             1.02185                   1
          217.323227             1.07797                   1
          241.268637             1.08385                   1
          273.169951             0.93354                   1
          293.106302             0.76463                   1
          297.084195             0.84262                   1
          307.052384             0.85810                   1
          322.995204             0.96280                   1
          326.973080             0.87279                   1
          334.960152             0.74948                   1
