           19.975157             0.85613                   1
           23.953094             0.74205                   1
           39.911504             0.74315                   1
           47.882946             0.65948                   1
           71.828399             0.92128                   1
           89.736800             0.86031                   1
           91.718769             0.80627                   1
           95.695886             0.67704                   1
          101.686118             0.71062                   1
          125.553622             0.81839                   1
          157.486091             1.02094                   1
          177.422425             0.82796                   1
          189.371757             0.88627                   1
          197.343202             0.87458                   1
          199.324387             0.82131                   1
          203.317931             0.77967                   1
          219.260713             0.96439                   1
          243.206179             0.77025                   1
          281.097743             1.38139                   1
          297.056186             1.09448                   1
          307.008762             1.03759                   1
          312.983911             0.68632                   1
          328.957484             0.83227                   1
