            8.022797             1.02491                   1
           13.997244             0.85828                   1
           21.984300             0.55093                   1
           35.930370             0.70848                   1
           37.927125             0.77564                   1
           71.840751             0.92500                   1
           97.798624             0.80629                   1
          107.751255             1.49336                   1
          111.729091             1.05939                   1
          117.703742             1.29258                   1
          131.665497             1.11440                   1
          159.557647             0.87736                   1
          167.513466             0.61730                   1
          189.430962             0.97912                   1
          205.389417             0.94816                   1
          209.367338             0.78612                   1
          257.211406             0.36462                   1
          265.182839             0.75294                   1
          279.144567             1.37471                   1
          303.058872             0.68373                   1
          313.011765             1.01048                   1
          336.941297             0.95228                   1
