           14.008648             1.03884                   1
           15.989783             0.67368                   1
           51.884581             0.72973                   1
           67.843110             0.73869                   1
           75.830127             0.99942                   1
           83.801558             0.92377                   1
           87.763843             0.98538                   1
           91.741743             0.87934                   1
          105.687816             0.92482                   1
          107.668971             1.43963                   1
          173.499596             1.15094                   1
          179.458590             1.34379                   1
          199.426120             0.87959                   1
          207.397578             0.68392                   1
          213.387921             0.79738                   1
          225.352776             0.77616                   1
          229.330710             0.98211                   1
          237.317734             0.90682                   1
          245.258651             0.69371                   1
          255.241722             0.87829                   1
          301.135925             0.66269                   1
          325.034558             1.29127                   1
          327.015981             0.62188                   1
          340.961799             0.80363                   1
