           14.008648             0.51484                   1
           15.989783             0.51483                   1
           51.884581             0.51479                   1
           67.843110             0.51470                   1
           75.830127             0.51482                   1
           83.801558             0.51475                   1
           87.763843             0.51473                   1
           91.741743             0.51480                   1
          105.687816             0.51473                   1
          107.668971             0.51517                   1
          173.499596             0.51487                   1
          179.458590             0.51479                   1
          199.426120             0.51489                   1
          207.397578             0.51477                   1
          213.387921             0.51477                   1
          225.352776             0.51480                   1
          229.330710             0.51475                   1
          237.317734             0.51478                   1
          245.258651             0.52970                   1
          255.241722             0.51475                   1
          301.135925             0.51477                   1
          325.034558             0.51479                   1
          327.015981             0.51546                   1
          340.961799             0.51483                   1
