            8.026035             0.51489                   1
           12.003679             0.51482                   1
           31.940074             0.51481                   1
           45.901780             0.51476                   1
           57.866688             0.51483                   1
           69.847228             0.51482                   1
           87.755629             0.51477                   1
          105.664126             0.51470                   1
          107.645161             0.51477                   1
          111.638709             0.51477                   1
          113.619920             0.51471                   1
          119.594541             0.51478                   1
          123.572471             0.51476                   1
          139.515272             0.51484                   1
          149.498981             0.51487                   1
          159.467239             0.51480                   1
          183.381539             0.51520                   1
          205.298991             0.51483                   1
          213.286054             0.51483                   1
          227.247751             0.51478                   1
          255.171127             0.51479                   1
          293.062661             0.51479                   1
          299.037365             0.51477                   1
          303.015224             0.51485                   1
