           10.026856             0.74882                   1
           43.924873             0.92169                   1
           65.873607             0.75630                   1
           67.854650             0.87919                   1
           85.809938             1.13932                   1
           91.800223             1.06889                   1
          113.733325             1.11906                   1
          117.695610             1.16466                   1
          131.657362             0.77045                   1
          157.599569             0.92346                   1
          165.867384             0.83940                   1
          177.816714             0.83370                   1
          181.794608             0.81573                   1
          189.781643             0.91638                   1
          197.753083             0.98473                   1
          203.712126             0.59349                   1
          231.635479             0.96530                   1
          245.581627             0.85871                   1
          259.527632             0.60832                   1
          261.524385             0.82745                   1
          271.508212             0.66730                   1
          289.447789             0.83116                   1
          325.327060             0.70277                   1
