           10.022582             0.51468                   1
           13.984826             0.51475                   1
           37.930241             0.51487                   1
           73.825183             0.51476                   1
           79.799820             0.51473                   1
           83.793326             0.51483                   1
           85.774524             0.51472                   1
           93.714708             0.51478                   1
          115.601012             0.51478                   1
          127.534724             0.51531                   1
          137.519262             0.52968                   1
          167.454291             0.51477                   1
          193.365260             0.51477                   1
          233.238006             0.51476                   1
          241.225024             0.51479                   1
          249.196452             0.51482                   1
          261.145816             0.51474                   1
          267.136086             0.51474                   1
          277.119839             0.51474                   1
          289.084771             0.51480                   1
          316.976948             0.51483                   1
          340.938043             0.51531                   1
