           19.975157             0.51475                   1
           23.953094             0.51472                   1
           39.911504             0.51480                   1
           47.882946             0.51477                   1
           71.828399             0.51472                   1
           89.736800             0.51468                   1
           91.718769             0.52953                   1
           95.695886             0.51480                   1
          101.686118             0.51480                   1
          125.553622             0.51480                   1
          157.486091             0.51479                   1
          177.422425             0.51472                   1
          189.371757             0.51477                   1
          197.343202             0.51478                   1
          199.324387             0.51475                   1
          203.317931             0.51473                   1
          219.260713             0.51477                   1
          243.206179             0.51488                   1
          281.097743             0.51480                   1
          297.056186             0.51483                   1
          307.008762             0.51480                   1
          312.983911             0.51539                   1
          328.957484             0.51472                   1
