           19.979271             0.51480                   1
           23.957182             0.51478                   1
           39.915708             0.51473                   1
           47.887061             0.51479                   1
           71.832482             0.51481                   1
           89.740935             0.51477                   1
           91.737648             0.51469                   1
           95.699959             0.51486                   1
          101.690232             0.51487                   1
          125.557752             0.51473                   1
          157.490236             0.51471                   1
          177.426550             0.51481                   1
          189.375913             0.51483                   1
          197.347338             0.51480                   1
          199.328472             0.51476                   1
          203.322066             0.51469                   1
          219.264822             0.51479                   1
          243.210348             0.51473                   1
          259.168801             0.51467                   1
          281.101928             0.51475                   1
          297.060319             0.51474                   1
          307.012900             0.51478                   1
          313.003187             0.51483                   1
          328.961614             0.51473                   1
