           12.023277             0.51470                   1
           16.001123             0.51478                   1
           47.933605             0.51478                   1
           51.895976             0.51479                   1
           69.851193             0.51468                   1
           89.787414             0.51484                   1
           91.784178             0.51483                   1
          113.717292             0.51485                   1
          123.669966             0.51477                   1
          143.606367             0.51473                   1
          153.574423             0.51481                   1
          167.520612             0.51479                   1
          191.450350             0.51483                   1
          235.488275             0.51469                   1
          241.478550             0.51476                   1
          257.437011             0.51476                   1
          277.357754             0.51485                   1
          323.189513             0.51482                   1
          329.148487             0.51518                   1
