           16.009245             0.75820                   1
           65.850123             0.74776                   1
           71.809131             0.86855                   1
           75.787103             1.00249                   1
           87.767651             0.79755                   1
           97.735841             0.66907                   1
          117.656544             0.80375                   1
          145.579929             1.14346                   1
          153.551350             0.74783                   1
          163.519583             0.97928                   1
          173.472148             1.17039                   1
          195.405252             0.78864                   1
          217.307152             0.80602                   1
          229.272131             1.04074                   1
          239.240281             0.78420                   1
          249.224044             1.01618                   1
          271.125991             0.80158                   1
          279.113009             0.91827                   1
          287.084432             0.86661                   1
          314.992265             0.91794                   1
