           45.900452             0.51481                   1
           57.865353             0.51477                   1
           67.833502             0.51485                   1
           81.779695             0.51466                   1
           83.760833             0.51477                   1
           99.719265             0.51481                   1
          125.583468             0.51524                   1
          129.577023             0.51469                   1
          137.564030             0.51475                   1
          149.528973             0.51475                   1
          165.502956             0.51482                   1
          207.388090             0.51479                   1
          235.327063             0.51478                   1
          267.243936             0.51484                   1
          281.174432             0.51493                   1
          285.167957             0.51479                   1
          291.142643             0.51469                   1
          299.083106             0.51532                   1
          315.025678             0.51481                   1
          322.997102             0.51473                   1
          338.971133             0.51483                   1
          340.952336             0.51476                   1
