           14.014737             0.90496                   1
           23.967276             0.71994                   1
           29.957575             0.82547                   1
           61.843272             1.21080                   1
           79.782845             1.06266                   1
           89.720183             0.82103                   1
          111.668527             0.93596                   1
          113.649797             0.85866                   1
          123.602319             0.79384                   1
          145.551040             0.82845                   1
          191.429635             1.06841                   1
          195.407565             0.75434                   1
          219.384198             1.04095                   1
          225.358832             0.85806                   1
          241.317304             1.01117                   1
          251.301091             1.09910                   1
          259.256991             0.78301                   1
          279.193253             0.73415                   1
          295.104957             0.76591                   1
          313.044557             1.12975                   1
