           45.900452             1.12215                   1
           57.865353             0.93280                   1
           67.833502             0.97237                   1
           81.779695             0.70575                   1
           83.760833             0.65256                   1
           99.719265             0.90158                   1
          125.583468             0.86854                   1
          129.577023             0.75496                   1
          137.564030             0.96767                   1
          149.528973             0.81033                   1
          165.502956             1.08391                   1
          207.388090             0.79743                   1
          235.327063             0.94566                   1
          267.243936             0.83573                   1
          281.174432             1.08881                   1
          285.167957             1.19119                   1
          291.142643             0.83236                   1
          299.083106             1.19561                   1
          315.025678             0.80459                   1
          322.997102             0.75292                   1
          338.971133             0.76237                   1
          340.952336             0.93316                   1
