           14.014737             0.51480                   1
           23.967276             0.51485                   1
           29.957575             0.51483                   1
           61.843272             0.51480                   1
           79.782845             0.51478                   1
           89.720183             0.51542                   1
          111.668527             0.51490                   1
          113.649797             0.51475                   1
          123.602319             0.51476                   1
          145.551040             0.51481                   1
          191.429635             0.51480                   1
          195.407565             0.51473                   1
          219.384198             0.51479                   1
          225.358832             0.51479                   1
          241.317304             0.51472                   1
          251.301091             0.51476                   1
          259.256991             0.51472                   1
          279.193253             0.51485                   1
          295.104957             0.51478                   1
          313.044557             0.51475                   1
