           10.026724             0.51473                   1
           13.988952             0.51481                   1
           37.934422             0.51479                   1
           73.829270             0.51479                   1
           79.803917             0.51484                   1
           83.797456             0.51482                   1
           85.778645             0.51477                   1
           93.718887             0.51470                   1
          115.605190             0.51467                   1
          127.539521             0.52981                   1
          137.538281             0.51479                   1
          167.458427             0.51475                   1
          169.439571             0.51476                   1
          181.404507             0.51474                   1
          193.369420             0.51480                   1
          233.242212             0.51473                   1
          241.229184             0.51476                   1
          249.200624             0.51475                   1
          261.149982             0.51474                   1
          267.140219             0.51478                   1
          277.123917             0.51486                   1
          289.088947             0.51478                   1
          316.981119             0.51473                   1
          340.957785             0.51481                   1
