            8.022315             0.68936                   1
           29.986501             0.66852                   1
           45.929911             0.84459                   1
           49.907316             0.67510                   1
           61.872202             1.11783                   1
           73.805972             0.84775                   1
          103.710515             0.67023                   1
          107.688365             0.62026                   1
          115.675360             1.03300                   1
          119.653317             0.63089                   1
          135.611750             0.76798                   1
          155.532550             0.86255                   1
          171.490992             0.95963                   1
          177.465667             0.77676                   1
          189.430598             0.67548                   1
          225.294146             0.72281                   1
          233.250021             0.78267                   1
          251.205266             1.24285                   1
          267.148084             0.84361                   1
          293.059010             1.09189                   1
          307.020812             1.44161                   1
          320.967551             0.92646                   1
          324.960377             0.95752                   1
          336.940945             0.75260                   1
