           19.979271             0.89208                   1
           23.957182             0.81802                   1
           39.915708             0.71490                   1
           47.887061             0.73541                   1
           71.832482             1.09324                   1
           89.740935             0.70427                   1
           91.737648             0.78748                   1
           95.699959             0.80101                   1
          101.690232             1.10659                   1
          125.557752             0.80631                   1
          157.490236             1.21685                   1
          177.426550             0.73588                   1
          189.375913             0.74613                   1
          197.347338             0.92644                   1
          199.328472             0.81716                   1
          203.322066             0.67956                   1
          219.264822             0.87231                   1
          243.210348             0.84602                   1
          259.168801             0.86311                   1
          281.101928             1.07332                   1
          297.060319             0.90647                   1
          307.012900             0.76158                   1
          313.003187             0.75511                   1
          328.961614             1.05212                   1
