            8.024683             0.51484                   1
           15.995906             0.51477                   1
           17.992681             0.51471                   1
           31.938791             0.51475                   1
           43.903675             0.51479                   1
           47.881626             0.51477                   1
           69.814702             0.51482                   1
           77.801717             0.51482                   1
           85.741966             0.51472                   1
          103.697091             0.51486                   1
          107.675053             0.51482                   1
          115.630897             0.51482                   1
          121.621181             0.51480                   1
          157.515964             0.51483                   1
          167.484140             0.51484                   1
          233.345919             0.51471                   1
          255.279927             0.52937                   1
          257.275789             0.51473                   1
          275.215387             0.51475                   1
          289.145855             0.51476                   1
          305.073147             0.51474                   1
          321.015955             0.51485                   1
          332.980870             0.51475                   1
