           16.009245             0.51472                   1
           65.850123             0.51481                   1
           71.809131             0.51485                   1
           75.787103             0.51482                   1
           87.767651             0.51479                   1
           97.735841             0.51474                   1
          117.656544             0.51478                   1
          145.579929             0.51480                   1
          153.551350             0.51482                   1
          163.519583             0.51474                   1
          173.472148             0.51473                   1
          195.405252             0.51481                   1
          217.307152             0.51483                   1
          229.272131             0.51509                   1
          239.240281             0.51474                   1
          249.224044             0.51481                   1
          271.125991             0.51477                   1
          279.113009             0.51476                   1
          287.084432             0.51476                   1
          314.992265             0.51479                   1
