           10.026724             0.78892                   1
           13.988952             0.64256                   1
           37.934422             0.82436                   1
           73.829270             0.68840                   1
           79.803917             1.04956                   1
           83.797456             1.01587                   1
           85.778645             0.87465                   1
           93.718887             1.07016                   1
          115.605190             0.72718                   1
          127.539521             0.64043                   1
          137.538281             0.67341                   1
          167.458427             0.65632                   1
          169.439571             0.93907                   1
          181.404507             0.69382                   1
          193.369420             0.77654                   1
          233.242212             1.04646                   1
          241.229184             1.30726                   1
          249.200624             0.89559                   1
          261.149982             0.70591                   1
          267.140219             0.65151                   1
          277.123917             0.69149                   1
          289.088947             0.79005                   1
          316.981119             1.34500                   1
          340.957785             0.95162                   1
