           20.002746             0.82856                   1
           31.967736             0.76727                   1
           35.945581             0.74923                   1
           47.926238             0.68823                   1
           59.891069             0.67503                   1
           63.853339             0.84065                   1
           69.828041             0.64974                   1
           89.748822             0.85632                   1
          101.729374             0.85943                   1
          123.631225             0.66089                   1
          167.513099             0.69762                   1
          183.440313             0.91392                   1
          191.411713             0.73431                   1
          197.386436             0.70338                   1
          203.376652             0.67299                   1
          209.335723             1.23373                   1
          215.326087             1.07519                   1
          231.268757             0.87600                   1
          255.183112             1.10487                   1
          263.170054             0.68580                   1
          265.151305             0.92841                   1
          283.090871             0.87632                   1
          301.030493             0.76015                   1
          313.011060             1.05913                   1
