            8.029893             0.51491                   1
           19.994635             0.51485                   1
           25.969301             0.51474                   1
           27.966005             0.51485                   1
           49.914776             0.51483                   1
           61.879728             0.51477                   1
           71.832248             0.51479                   1
           81.816051             0.51537                   1
          119.692045             0.51475                   1
          131.641383             0.51482                   1
          147.599832             0.51479                   1
          155.555978             0.51549                   1
          165.539471             0.51471                   1
          183.479392             0.51543                   1
          185.475763             0.51479                   1
          209.561557             0.51517                   1
          215.536305             0.51477                   1
          253.443481             0.51479                   1
          273.379810             0.51480                   1
          289.307078             0.51469                   1
          309.243414             0.51474                   1
          319.211650             0.51473                   1
          325.170709             0.51475                   1
