            8.030117             0.51491                   1
           12.007769             0.51485                   1
           31.944160             0.51481                   1
           45.905944             0.51477                   1
           69.851460             0.51468                   1
           87.759749             0.51486                   1
          105.668191             0.51478                   1
          107.649329             0.51472                   1
          111.642791             0.51489                   1
          113.623959             0.51485                   1
          119.598756             0.51471                   1
          123.576605             0.51479                   1
          139.519408             0.51483                   1
          149.503239             0.51471                   1
          159.471373             0.51470                   1
          183.386397             0.52964                   1
          205.303154             0.51488                   1
          213.290184             0.51480                   1
          227.251881             0.51473                   1
          255.175233             0.51481                   1
          293.066750             0.51489                   1
          299.041524             0.51473                   1
          303.035035             0.51486                   1
