           20.002746             0.51471                   1
           31.967736             0.51475                   1
           35.945581             0.51501                   1
           47.926238             0.51466                   1
           59.891069             0.51484                   1
           63.853339             0.51557                   1
           69.828041             0.51475                   1
           89.748822             0.51476                   1
          101.729374             0.51475                   1
          123.631225             0.51483                   1
          167.513099             0.51478                   1
          183.440313             0.51518                   1
          191.411713             0.51476                   1
          197.386436             0.51481                   1
          203.376652             0.51486                   1
          209.335723             0.51479                   1
          215.326087             0.51472                   1
          231.268757             0.51487                   1
          255.183112             0.51477                   1
          263.170054             0.51488                   1
          265.151305             0.51476                   1
          283.090871             0.51481                   1
          301.030493             0.51477                   1
          313.011060             0.51480                   1
