           12.023277             0.76029                   1
           16.001123             0.86234                   1
           47.933605             0.68086                   1
           51.895976             0.77439                   1
           69.851193             0.65857                   1
           89.787414             1.00976                   1
           91.784178             0.94891                   1
          113.717292             1.38317                   1
          123.669966             0.56617                   1
          143.606367             0.74914                   1
          153.574423             0.82876                   1
          167.520612             0.94621                   1
          191.450350             0.72767                   1
          235.488275             0.96038                   1
          241.478550             0.83392                   1
          257.437011             0.98700                   1
          277.357754             0.66558                   1
          323.189513             0.80841                   1
          329.148487             0.70534                   1
