            8.029893             1.15380                   1
           19.994635             0.93270                   1
           25.969301             0.72588                   1
           27.966005             1.14505                   1
           49.914776             0.95562                   1
           61.879728             0.93432                   1
           71.832248             1.14944                   1
           81.816051             0.82139                   1
          119.692045             0.76020                   1
          131.641383             0.80253                   1
          147.599832             0.79551                   1
          155.555978             1.07117                   1
          165.539471             0.67132                   1
          183.479392             0.72287                   1
          185.475763             0.83044                   1
          209.561557             1.36790                   1
          215.536305             1.37700                   1
          253.443481             0.75660                   1
          273.379810             0.70765                   1
          289.307078             0.66796                   1
          309.243414             0.73899                   1
          319.211650             1.01837                   1
          325.170709             0.90712                   1
