           39.946539             0.51486                   1
           87.806333             0.51479                   1
           93.765428             0.51484                   1
           95.746564             0.51483                   1
          101.736878             0.51477                   1
          115.698469             0.51484                   1
          127.647973             0.51543                   1
          139.628364             0.51486                   1
          159.549168             0.51478                   1
          177.504306             0.51474                   1
          193.447207             0.51486                   1
          211.558345             0.51484                   1
          219.515263             0.52927                   1
          259.418175             0.51474                   1
          275.376600             0.51476                   1
          283.332346             0.51493                   1
          285.329154             0.51481                   1
          307.262249             0.51484                   1
          317.230491             0.51473                   1
          321.208394             0.51467                   1
          339.117607             0.52959                   1
