            8.030117             1.50557                   1
           12.007769             0.66381                   1
           31.944160             0.71879                   1
           45.905944             0.66057                   1
           69.851460             1.36232                   1
           87.759749             0.97352                   1
          105.668191             0.86446                   1
          107.649329             0.90725                   1
          111.642791             0.67372                   1
          113.623959             0.60443                   1
          119.598756             0.91746                   1
          123.576605             0.76348                   1
          139.519408             0.79621                   1
          149.503239             0.70008                   1
          159.471373             0.81961                   1
          183.386397             0.94392                   1
          205.303154             1.33046                   1
          213.290184             1.02311                   1
          227.251881             1.02901                   1
          255.175233             0.70486                   1
          293.066750             0.76420                   1
          299.041524             0.67718                   1
          303.035035             0.73157                   1
