           39.946539             1.19617                   1
           87.806333             0.84691                   1
           93.765428             0.99166                   1
           95.746564             0.90647                   1
          101.736878             0.85193                   1
          115.698469             0.84992                   1
          127.647973             1.31603                   1
          139.628364             1.04726                   1
          159.549168             0.84584                   1
          177.504306             0.76213                   1
          193.447207             1.14674                   1
          211.558345             1.12309                   1
          219.515263             0.88594                   1
          259.418175             1.04575                   1
          275.376600             0.91078                   1
          283.332346             1.13081                   1
          285.329154             1.06194                   1
          307.262249             0.81614                   1
          317.230491             1.19960                   1
          321.208394             0.86959                   1
          339.117607             0.27993                   1
