            8.022315             0.51495                   1
           29.986501             0.51483                   1
           45.929911             0.52986                   1
           49.907316             0.51470                   1
           61.872202             0.51475                   1
           73.805972             0.51477                   1
          103.710515             0.51473                   1
          107.688365             0.51473                   1
          115.675360             0.51484                   1
          119.653317             0.51483                   1
          135.611750             0.51485                   1
          155.532550             0.51480                   1
          171.490992             0.51476                   1
          177.465667             0.51471                   1
          189.430598             0.51480                   1
          225.294146             0.51486                   1
          233.250021             0.51480                   1
          251.205266             0.51471                   1
          267.148084             0.51476                   1
          293.059010             0.51533                   1
          307.020812             0.51475                   1
          320.967551             0.52969                   1
          324.960377             0.51469                   1
          336.940945             0.51471                   1
