            8.024683             0.79907                   1
           15.995906             0.93158                   1
           17.992681             0.56676                   1
           31.938791             0.99619                   1
           43.903675             1.42291                   1
           47.881626             1.09284                   1
           69.814702             1.11112                   1
           77.801717             0.77994                   1
           85.741966             0.71938                   1
          103.697091             0.85967                   1
          107.675053             1.10557                   1
          115.630897             0.82950                   1
          121.621181             1.00706                   1
          157.515964             0.75113                   1
          167.484140             0.99064                   1
          233.345919             1.43881                   1
          255.279927             1.00813                   1
          257.275789             0.99618                   1
          275.215387             1.14403                   1
          289.145855             0.91712                   1
          305.073147             1.02136                   1
          321.015955             0.99808                   1
          332.980870             0.79280                   1
