           14.008985             0.51477                   1
           15.990081             0.51481                   1
           51.884867             0.51483                   1
           67.843343             0.51480                   1
           75.830384             0.51479                   1
           83.801788             0.51483                   1
           87.764103             0.51478                   1
           91.742038             0.51483                   1
          105.688130             0.51483                   1
          173.484192             0.51479                   1
          179.458858             0.51486                   1
          199.426438             0.51478                   1
          207.397832             0.51472                   1
          213.388182             0.51474                   1
          225.353051             0.51480                   1
          229.315309             0.51480                   1
          245.258242             0.51476                   1
          255.226391             0.51481                   1
          301.120595             0.51481                   1
          325.034846             0.51483                   1
          327.016004             0.51481                   1
          340.962124             0.51471                   1
