           10.016972             0.51482                   1
           23.963086             0.51478                   1
           45.911803             0.51475                   1
           55.895604             0.51472                   1
           57.876696             0.51481                   1
           65.863770             0.51477                   1
          105.767680             0.51473                   1
          109.745573             0.51475                   1
          121.694946             0.51470                   1
          129.681977             0.51477                   1
          147.621596             0.51470                   1
          153.596221             0.51479                   1
          155.592977             0.51480                   1
          177.494876             0.51472                   1
          201.705516             0.51483                   1
          217.632771             0.51482                   1
          241.562615             0.51472                   1
          273.479556             0.51480                   1
          293.415902             0.51475                   1
          297.378398             0.51544                   1
          307.362004             0.51482                   1
          323.289270             0.51474                   1
          327.282777             0.51475                   1
          335.269752             0.51487                   1
