           19.971356             0.64393                   1
           23.949325             0.60984                   1
           39.907746             0.69090                   1
           47.879113             1.50331                   1
           71.824578             0.76515                   1
           89.733028             1.16012                   1
           95.692084             1.00887                   1
          125.550146             1.12588                   1
          157.482325             0.87271                   1
          177.418677             0.84773                   1
          189.368036             0.93000                   1
          199.336267             0.84946                   1
          219.272545             0.95254                   1
          243.202391             1.38196                   1
          259.160892             1.18297                   1
          281.109633             0.88161                   1
          297.052395             1.18629                   1
          307.004917             1.31349                   1
          312.995316             1.49894                   1
