            8.034377             0.82130                   1
           10.031044             0.67254                   1
           47.922626             1.35580                   1
           57.875178             0.89098                   1
           85.782974             0.90229                   1
           93.723221             0.64981                   1
           95.704370             1.06059                   1
          117.637447             0.86285                   1
          139.586133             1.35349                   1
          165.513134             0.86567                   1
          177.477747             0.95668                   1
          203.419953             1.34966                   1
          227.334243             0.93865                   1
          241.280341             0.53616                   1
          267.207532             0.65613                   1
          273.197226             0.87423                   1
          285.146535             0.99657                   1
          295.131095             0.87569                   1
          309.092047             1.02626                   1
          319.060183             0.88190                   1
          330.993894             0.76384                   1
          338.965320             0.75213                   1
