           10.028364             0.83532                   1
           43.926372             0.88023                   1
           65.875131             0.89076                   1
           67.856254             1.33361                   1
           85.811464             0.72187                   1
           91.786698             0.80247                   1
          113.734859             0.86960                   1
          117.697170             0.83516                   1
          131.658857             0.74506                   1
          157.601089             1.01001                   1
          165.541965             0.82887                   1
          167.538111             0.85667                   1
          177.506209             1.37625                   1
          181.468481             0.62987                   1
          189.455547             1.16254                   1
          197.426983             1.46288                   1
          231.325056             0.88375                   1
          245.255538             0.75282                   1
          259.217226             0.72675                   1
          261.198378             1.08947                   1
          271.182145             0.75348                   1
          289.121793             0.77320                   1
          325.000955             0.92498                   1
