           27.956581             0.61049                   1
           83.834549             0.61085                   1
           93.818334             1.02674                   1
          103.786541             0.74624                   1
          137.653396             0.61433                   1
          141.631255             1.03633                   1
          157.574128             0.83697                   1
          165.529879             0.80895                   1
          181.457809             0.92853                   1
          187.447467             0.83470                   1
          191.721805             0.75223                   1
          211.658117             0.79927                   1
          215.636900             0.67641                   1
          229.613304             0.89957                   1
          235.603601             0.95711                   1
          239.581525             0.73906                   1
          247.552941             0.96728                   1
          255.539933             0.90812                   1
          261.500007             0.81988                   1
          277.457442             0.80594                   1
          281.435335             0.61189                   1
          295.397000             0.83384                   1
          311.339912             0.84240                   1
          317.314602             0.66754                   1
