           27.956581             0.51477                   1
           83.834549             0.51478                   1
           93.818334             0.51474                   1
          103.786541             0.51474                   1
          137.653396             0.51475                   1
          141.631255             0.51481                   1
          157.574128             0.51481                   1
          165.529879             0.51483                   1
          181.457809             0.52969                   1
          187.447467             0.51480                   1
          191.721805             0.51479                   1
          211.658117             0.51482                   1
          215.636900             0.52952                   1
          229.613304             0.51478                   1
          235.603601             0.51485                   1
          239.581525             0.51474                   1
          247.552941             0.51480                   1
          255.539933             0.51476                   1
          261.500007             0.52940                   1
          277.457442             0.51479                   1
          281.435335             0.51475                   1
          295.397000             0.51487                   1
          311.339912             0.51483                   1
          317.314602             0.51466                   1
