            8.034377             0.51495                   1
           10.031044             0.51485                   1
           47.922626             0.51480                   1
           57.875178             0.51473                   1
           85.782974             0.51480                   1
           93.723221             0.51476                   1
           95.704370             0.51476                   1
          117.637447             0.51476                   1
          139.586133             0.51486                   1
          165.513134             0.51548                   1
          177.477747             0.51474                   1
          203.419953             0.51482                   1
          227.334243             0.51474                   1
          241.280341             0.51480                   1
          267.207532             0.52977                   1
          273.197226             0.51479                   1
          285.146535             0.51532                   1
          295.131095             0.52964                   1
          309.092047             0.51474                   1
          319.060183             0.51478                   1
          330.993894             0.51520                   1
          338.965320             0.51479                   1
