           10.018816             0.51469                   1
           73.821316             0.51480                   1
           79.796014             0.51484                   1
           83.789499             0.51487                   1
           93.710913             0.51480                   1
          115.597226             0.51479                   1
          127.546600             0.51474                   1
          137.530300             0.51484                   1
          167.450551             0.51472                   1
          169.431738             0.51471                   1
          181.412210             0.51476                   1
          193.361521             0.51477                   1
          233.234202             0.51484                   1
          241.221281             0.51487                   1
          249.192717             0.51478                   1
          267.132287             0.51471                   1
          289.081035             0.51477                   1
          316.974192             0.52942                   1
          340.949914             0.51477                   1
