file version= 2.0
gentask.....= PsychoPy
id..........=
operator....=
doctor......=
referral....=
institution.=
subject.....= P26C2BEH
age.........=
sex.........=
hand........=
medications.=
class.......=
state.......=
label.......=
date........= 2016_Jan_18_1140
time........=
education...=
occupation..=
  Trial  Resp  Type  Correct      Latency    Stim/Resp
  ----- ----- -----    -----        -----        -----
      1     6    24        1   849.002420         Stim
      2     6    25        1   535.475359         Stim
      3     6    25        1   461.877715         Stim
      4     6    27        1   673.893593         Stim
      5     1    16        1   645.859386         Stim
      6     6    27        1   831.013530         Stim
      7     6    28        1   845.041828         Stim
      8     1    18        1   782.180543         Stim
      9     6    18        0   463.037436         Stim
     10     1    16        1   813.001935         Stim
     11     6    27        1   867.433242         Stim
     12     6    28        1   695.333966         Stim
     13     6    28        1   821.744160         Stim
     14     6    26        1   945.754361         Stim
     15     1    15        1   592.093621         Stim
     16     6    15        0   294.411103         Stim
     17     6    25        1   559.694523         Stim
     18     6    27        1   707.181841         Stim
     19     1    18        1  1121.626383         Stim
     20     1    16        1  1194.789560         Stim
     21     1    15        1  1230.400360         Stim
     22     6    27        1   692.771944         Stim
     23     6    28        1   571.200608         Stim
     24     6    28        1  1116.345284         Stim
     25     1    16        1  1114.320048         Stim
     26     1    15        1   904.703852         Stim
     27     1    15        1   631.072246         Stim
     28     6    27        1   669.509729         Stim
     29     6    26        1   651.920786         Stim
     30     6    25        1   690.240711         Stim
     31     1    15        1   627.440693         Stim
     32     6    27        1   700.198635         Stim
     33     6    28        1   788.995496         Stim
     34     0    26        0  1465.791000         Stim
     35     1    17        1   597.364768         Stim
     36     6    16        0   515.796804         Stim
     37     1    17        1   677.005464         Stim
     38     6    26        1   760.552013         Stim
     39     6    27        1   721.836184         Stim
     40     6    28        1   599.669282         Stim
     41     6    26        1   691.654520         Stim
     42     6    27        1  1010.079525         Stim
     43     1    18        1   731.217203         Stim
     44     6    28        1   572.051194         Stim
     45     6    28        1   575.586026         Stim
     46     1    18        1   976.767330         Stim
     47     6    26        1   545.507614         Stim
     48     1    17        1   631.617430         Stim
     49     6    26        1   750.005364         Stim
     50     1    17        1   769.991500         Stim
     51     6    26        1   675.157810         Stim
     52     6    27        1   739.937346         Stim
     53     6    28        1   663.513640         Stim
     54     1    16        1   533.869042         Stim
     55     1    17        1   649.785767         Stim
     56     1    16        1   626.976058         Stim
     57     6    25        1   675.889594         Stim
     58     1    25        0   476.619761         Stim
     59     1    17        1  1037.444148         Stim
     60     6    28        1   574.185279         Stim
     61     1    26        0   335.040519         Stim
     62     1    17        1   780.988788         Stim
     63     6    28        1   971.335706         Stim
     64     1    18        1   844.492912         Stim
     65     1    16        1   530.494997         Stim
     66     6    25        1   680.948328         Stim
     67     6    27        1   580.864637         Stim
     68     1    18        1   600.888715         Stim
     69     1    16        1   495.240604         Stim
     70     1    17        1   715.200990         Stim
     71     1    16        1   503.173916         Stim
     72     6    25        1   771.203781         Stim
     73     1    15        1   591.131385         Stim
     74     1    17        1   736.384788         Stim
     75     1    28        0   571.985262         Stim
     76     1    16        1   487.919341         Stim
     77     6    27        1   411.954984         Stim
     78     1    26        0   602.303145         Stim
     79     6    27        1   891.444968         Stim
     80     1    16        1   719.025051         Stim
     81     6    27        1   480.267175         Stim
     82     6    28        1   670.261107         Stim
     83     1    16        1   631.419634         Stim
     84     6    25        1   637.397063         Stim
     85     1    17        1   689.350005         Stim
     86     6    28        1   645.361474         Stim
     87     1    18        1   539.816305         Stim
     88     6    26        1   450.131848         Stim
     89     1    25        0   382.169533         Stim
     90     1    15        1   588.623166         Stim
     91     6    25        1   536.513790         Stim
     92     1    17        1   372.520121         Stim
     93     1    18        1   741.662466         Stim
     94     1    18        1   547.717583         Stim
     95     1    16        1   607.675679         Stim
     96     6    25        1   499.652457         Stim
     97     1    15        1   986.046652         Stim
     98     1    17        1   915.149425         Stim
     99     1    16        1   433.202226         Stim
    100     1    17        1   397.131767         Stim
    101     6    26        1   729.167088         Stim
    102     1    15        1   954.314650         Stim
    103     1    15        1   688.300690         Stim
    104     6    25        1   996.286965         Stim
    105     1    15        1   845.488114         Stim
    106     0    25        0  1465.791000         Stim
    107     1    15        1   542.171511         Stim
    108     1    17        1   767.441607         Stim
    109     1    18        1   651.054961         Stim
    110     6    26        1   839.065332         Stim
    111     0    27        0  1465.791000         Stim
    112     1    16        1   728.938503         Stim
    113     6    15        0   301.018930         Stim
    114     6    25        1   659.372047         Stim
    115     6    27        1  1049.669267         Stim
    116     6    26        1   594.883296         Stim
    117     6    25        1   584.834870         Stim
    118     6    27        1   754.086935         Stim
    119     1    18        1   562.878857         Stim
    120     1    18        1  1051.633546         Stim
    121     1    16        1  1111.232435         Stim
    122     6    15        0  1139.174897         Stim
    123     1    17        1   736.392873         Stim
    124     6    26        1  1350.733603         Stim
    125     1    15        1   587.923726         Stim
    126     6    27        1   853.124109         Stim
    127     1    18        1  1277.870853         Stim
    128     6    28        1  1314.198199         Stim
    129     1    18        1   691.397944         Stim
    130     6    26        1   868.656095         Stim
    131     6    25        1   867.445993         Stim
    132     1    17        1   724.235552         Stim
    133     6    28        1   748.945476         Stim
    134     6    26        1   922.987571         Stim
    135     6    27        1  1012.169450         Stim
    136     1    18        1   863.828746         Stim
    137     6    28        1   694.139725         Stim
    138     1    16        1   946.114811         Stim
    139     6    25        1   520.486069         Stim
    140     6    25        1   916.438523         Stim
    141     1    17        1   858.884460         Stim
    142     1    16        1   809.243805         Stim
    143     6    27        1   682.412829         Stim
    144     1    16        1   779.255894         Stim
    145     6    17        0   732.022694         Stim
    146     1    16        1   631.569847         Stim
    147     6    27        1   619.610634         Stim
    148     6    26        1  1065.953874         Stim
    149     1    17        1   968.364407         Stim
    150     1    18        1  1236.366594         Stim
    151     1    18        1   733.582051         Stim
    152     6    26        1   793.078622         Stim
    153     1    15        1   653.074598         Stim
    154     1    17        1   849.127441         Stim
    155     1    16        1   634.318469         Stim
    156     1    17        1   952.254583         Stim
