           10.018816             0.75683                   1
           73.821316             0.70430                   1
           79.796014             1.43343                   1
           83.789499             1.07184                   1
           93.710913             0.74211                   1
          115.597226             0.63112                   1
          127.546600             0.90535                   1
          137.530300             0.76931                   1
          167.450551             1.08813                   1
          169.431738             1.09897                   1
          181.412210             1.03806                   1
          193.361521             1.33639                   1
          233.234202             0.79849                   1
          241.221281             0.77914                   1
          249.192717             1.11943                   1
          267.132287             1.29931                   1
          289.081035             0.90198                   1
          316.974192             1.38386                   1
          340.949914             0.95148                   1
