            8.022237             0.68149                   1
           11.999979             0.75156                   1
           31.936381             0.82257                   1
           45.897997             0.68449                   1
           57.862961             0.68713                   1
           69.843489             0.83427                   1
          105.660279             0.99234                   1
          107.641489             0.67509                   1
          111.634976             0.80148                   1
          113.616093             0.95628                   1
          119.590744             0.80550                   1
          123.568663             0.82743                   1
          149.495309             0.95595                   1
          183.393346             0.85687                   1
          213.282312             0.69500                   1
          227.259586             0.72535                   1
          293.074567             0.74031                   1
          299.049117             1.46154                   1
          303.027101             1.25942                   1
