            8.020373             0.51493                   1
           13.994906             0.51481                   1
           21.981910             0.51479                   1
           35.928657             0.52977                   1
           37.924751             0.51479                   1
           71.838438             0.51477                   1
           97.796258             0.51473                   1
          107.748765             0.51483                   1
          117.701330             0.51495                   1
          131.663070             0.51485                   1
          159.555276             0.51477                   1
          163.533594             0.51532                   1
          167.511162             0.51470                   1
          189.428608             0.51477                   1
          209.676945             0.51491                   1
          257.521118             0.51478                   1
          265.492570             0.51473                   1
          279.439132             0.51528                   1
          303.368517             0.51479                   1
          313.321046             0.51479                   1
          337.250914             0.51477                   1
