           23.990023             0.76119                   1
           33.958216             0.63270                   1
           41.945305             0.95738                   1
           47.919904             1.27856                   1
           93.782913             1.42213                   1
          115.716001             0.75238                   1
          125.668579             1.03150                   1
          149.614039             0.85331                   1
          159.582230             1.22879                   1
          173.512724             1.17786                   1
          193.449051             0.88892                   1
          199.408119             0.87374                   1
          213.385429             0.78392                   1
          215.366652             0.66660                   1
          221.356933             0.67617                   1
          241.293231             0.97125                   1
          285.159367             0.88773                   1
          293.099652             0.94724                   1
          313.067203             1.09908                   1
