            8.020373             0.55540                   1
           13.994906             0.46064                   1
           21.981910             0.62538                   1
           35.928657             0.67819                   1
           37.924751             0.64206                   1
           71.838438             0.77530                   1
           97.796258             1.05668                   1
          107.748765             0.64790                   1
          117.701330             0.95104                   1
          131.663070             0.72480                   1
          159.555276             0.77576                   1
          163.533594             1.07732                   1
          167.511162             1.00360                   1
          189.428608             1.45348                   1
          209.676945             1.01250                   1
          257.521118             0.99092                   1
          265.492570             0.76318                   1
          279.439132             1.04817                   1
          303.368517             0.73407                   1
          313.321046             0.88518                   1
          337.250914             0.86662                   1
