           10.028364             0.51474                   1
           43.926372             0.51476                   1
           65.875131             0.51476                   1
           67.856254             0.51481                   1
           85.811464             0.51480                   1
           91.786698             0.52984                   1
          113.734859             0.51477                   1
          117.697170             0.51468                   1
          131.658857             0.51476                   1
          157.601089             0.51469                   1
          165.541965             0.52963                   1
          167.538111             0.51470                   1
          177.506209             0.51476                   1
          181.468481             0.51479                   1
          189.455547             0.51481                   1
          197.426983             0.51479                   1
          231.325056             0.51474                   1
          245.255538             0.51478                   1
          259.217226             0.51479                   1
          261.198378             0.51470                   1
          271.182145             0.51482                   1
          289.121793             0.51480                   1
          325.000955             0.51479                   1
