           18.015317             0.51483                   1
           27.983597             0.51472                   1
           53.894541             0.51487                   1
           55.891369             0.51471                   1
           73.846537             0.51480                   1
           81.818013             0.51477                   1
          103.766718             0.51476                   1
          109.741282             0.51521                   1
          121.690675             0.51471                   1
          147.632907             0.51475                   1
          179.487366             0.51478                   1
          229.328274             0.51490                   1
          235.302979             0.51469                   1
          243.274358             0.51484                   1
          247.236682             0.51506                   1
          251.230190             0.51482                   1
          277.172348             0.51486                   1
          287.140598             0.51470                   1
          297.093122             0.51486                   1
          309.073636             0.51489                   1
          323.019805             0.51481                   1
          338.962626             0.51501                   1
          340.959427             0.51482                   1
