           25.973878             0.93725                   1
           29.967386             0.58364                   1
           31.948604             0.73835                   1
           49.903773             1.05459                   1
           59.856314             0.80579                   1
           81.804982             1.21639                   1
           89.745246             0.75591                   1
          111.662757             1.18967                   1
          125.624490             0.80353                   1
          135.592635             1.21908                   1
          151.566690             1.47657                   1
          153.547834             0.61536                   1
          157.541415             0.74965                   1
          167.509572             1.34115                   1
          187.445960             1.35612                   1
          251.248483             0.63970                   1
          275.178336             0.69315                   1
          277.175094             0.62433                   1
          305.114100             1.17236                   1
          323.053703             0.71222                   1
          336.984174             0.70138                   1
