           23.990023             0.51479                   1
           33.958216             0.51480                   1
           41.945305             0.51474                   1
           47.919904             0.51477                   1
           93.782913             0.51475                   1
          115.716001             0.51477                   1
          125.668579             0.51474                   1
          149.614039             0.51483                   1
          159.582230             0.51480                   1
          173.512724             0.51481                   1
          193.449051             0.51484                   1
          199.408119             0.51482                   1
          213.385429             0.51489                   1
          215.366652             0.51474                   1
          221.356933             0.51475                   1
          241.293231             0.51476                   1
          285.159367             0.51478                   1
          293.099652             0.51537                   1
          313.067203             0.51481                   1
