           18.015317             0.75211                   1
           27.983597             0.71948                   1
           53.894541             0.86376                   1
           55.891369             0.81088                   1
           73.846537             0.83114                   1
           81.818013             0.73142                   1
          103.766718             0.80604                   1
          109.741282             1.34331                   1
          121.690675             0.83352                   1
          147.632907             0.78651                   1
          179.487366             1.14708                   1
          229.328274             0.64060                   1
          235.302979             0.87368                   1
          243.274358             0.89403                   1
          247.236682             1.15560                   1
          251.230190             0.76995                   1
          277.172348             0.91501                   1
          287.140598             0.91444                   1
          297.093122             0.86567                   1
          309.073636             1.39677                   1
          323.019805             0.77820                   1
          338.962626             1.23483                   1
          340.959427             0.83005                   1
