           10.016972             0.79865                   1
           23.963086             0.71618                   1
           45.911803             0.63073                   1
           55.895604             0.56661                   1
           57.876696             0.76149                   1
           65.863770             0.63820                   1
          105.767680             0.89304                   1
          109.745573             0.64303                   1
          121.694946             0.75728                   1
          129.681977             0.79400                   1
          147.621596             0.82982                   1
          153.596221             0.79898                   1
          155.592977             0.74619                   1
          177.494876             0.76356                   1
          201.705516             0.75224                   1
          217.632771             0.54449                   1
          241.562615             0.74986                   1
          273.479556             0.82396                   1
          293.415902             0.78297                   1
          297.378398             0.66041                   1
          307.362004             0.66842                   1
          323.289270             0.76470                   1
          327.282777             0.85903                   1
          335.269752             1.10381                   1
