           19.971356             0.51485                   1
           23.949325             0.51471                   1
           39.907746             0.51475                   1
           47.879113             0.51487                   1
           71.824578             0.51477                   1
           89.733028             0.51495                   1
           95.692084             0.51480                   1
          125.550146             0.51531                   1
          157.482325             0.51472                   1
          177.418677             0.51485                   1
          189.368036             0.51545                   1
          199.336267             0.51469                   1
          219.272545             0.51474                   1
          243.202391             0.51480                   1
          259.160892             0.51476                   1
          281.109633             0.51466                   1
          297.052395             0.51480                   1
          307.004917             0.51503                   1
          312.995316             0.51476                   1
