            8.022237             0.51485                   1
           11.999979             0.51475                   1
           31.936381             0.51467                   1
           45.897997             0.51480                   1
           57.862961             0.51478                   1
           69.843489             0.51481                   1
          105.660279             0.51478                   1
          107.641489             0.51526                   1
          111.634976             0.51467                   1
          113.616093             0.51482                   1
          119.590744             0.51485                   1
          123.568663             0.51473                   1
          149.495309             0.51480                   1
          183.393346             0.51475                   1
          213.282312             0.51479                   1
          227.259586             0.51479                   1
          293.074567             0.51471                   1
          299.049117             0.51485                   1
          303.027101             0.51480                   1
