           25.973878             0.51471                   1
           29.967386             0.51483                   1
           31.948604             0.51476                   1
           49.903773             0.51477                   1
           59.856314             0.51481                   1
           81.804982             0.51481                   1
           89.745246             0.51477                   1
          111.662757             0.51487                   1
          125.624490             0.51467                   1
          135.592635             0.51476                   1
          151.566690             0.51482                   1
          153.547834             0.51484                   1
          157.541415             0.51475                   1
          167.509572             0.51474                   1
          187.445960             0.51473                   1
          251.248483             0.51485                   1
          275.178336             0.51481                   1
          277.175094             0.51482                   1
          305.114100             0.51479                   1
          323.053703             0.51478                   1
          336.984174             0.51473                   1
