           14.008985             0.89451                   1
           15.990081             0.80136                   1
           51.884867             0.84144                   1
           67.843343             0.99448                   1
           75.830384             0.92716                   1
           83.801788             0.94756                   1
           87.764103             0.61710                   1
           91.742038             0.89507                   1
          105.688130             0.93254                   1
          173.484192             1.15035                   1
          179.458858             0.88753                   1
          199.426438             1.23135                   1
          207.397832             1.34769                   1
          213.388182             1.46911                   1
          225.353051             1.11191                   1
          229.315309             0.91760                   1
          245.258242             0.72613                   1
          255.226391             0.86961                   1
          301.120595             1.30996                   1
          325.034846             0.89905                   1
          327.016004             0.58988                   1
          340.962124             1.05924                   1
