           14.033078             0.65458                   1
           23.987930             0.59546                   1
           41.967666             0.64726                   1
           45.952546             1.15031                   1
           55.922342             0.78027                   1
           57.907369             0.61119                   1
           85.826890             0.98696                   1
          101.791646             0.72581                   1
          105.761561             0.75581                   1
          109.746487             0.89874                   1
          131.696082             0.69263                   1
          147.675876             1.03243                   1
          153.660739             0.88740                   1
          175.610393             0.80922                   1
          181.580337             0.83911                   1
          187.550172             0.74914                   1
          229.424521             0.62569                   1
          231.409490             1.00874                   1
          237.394326             0.66369                   1
          255.359083             0.80251                   1
          271.298835             0.57439                   1
          299.243387             0.57312                   1
          307.203184             0.80509                   1
          333.132791             1.39485                   1
