           14.033078             0.50501                   1
           23.987930             0.50492                   1
           41.967666             0.50492                   1
           45.952546             0.50494                   1
           55.922342             0.50506                   1
           57.907369             0.51986                   1
           85.826890             0.52003                   1
          101.791646             0.50488                   1
          105.761561             0.50994                   1
          109.746487             0.51999                   1
          131.696082             0.50999                   1
          147.675876             0.50505                   1
          153.660739             0.50502                   1
          175.610393             0.50499                   1
          181.580337             0.51999                   1
          187.550172             0.52002                   1
          229.424521             0.52000                   1
          231.409490             0.52000                   1
          237.394326             0.52005                   1
          255.359083             0.52008                   1
          271.298835             0.50502                   1
          299.243387             0.50997                   1
          307.203184             0.50494                   1
          333.132791             0.50996                   1
