           10.015191             0.53651                   1
           23.984980             0.71038                   1
           45.929714             0.54107                   1
           55.914501             0.49201                   1
           57.899358             0.91515                   1
           65.894298             0.89597                   1
          109.778530             0.64266                   1
          121.748331             0.68055                   1
          129.728225             0.62846                   1
          147.682928             0.78532                   1
          153.662784             1.22934                   1
          155.652818             1.17519                   1
          177.572545             0.56695                   1
          201.492025             0.71884                   1
          217.431810             1.08268                   1
          241.381338             0.74055                   1
          273.300786             0.96431                   1
          293.250504             1.16608                   1
          297.220426             0.98806                   1
          323.155059             0.86877                   1
          327.139965             0.61175                   1
          335.119811             0.88771                   1
