           31.972803            0.519950    1
          209.484793            0.519940    1
           61.897786            0.519940    1
           69.877484            0.510060    1
           87.842230            0.505010    1
          153.646132            0.504980    1
          195.515439            0.505030    1
          241.409676            0.504930    1
          105.808630            0.519970    1
          279.280740            0.510000    1
          307.200262            0.509980    1
           41.950086            0.519920    1
          113.763815            0.519980    1
          177.577781            0.504990    1
          181.547718            0.504940    1
          189.532664            0.519910    1
          193.517473            0.519980    1
          203.487361            0.504960    1
          231.421898            0.504920    1
          285.265970            0.520010    1
          287.265948            0.504950    1
          297.220778            0.504940    1
          313.190590            0.519930    1
