            8.030080             0.52014                   1
           14.000131             0.52005                   1
           21.985075             0.52015                   1
           35.949797             0.52001                   1
           37.934763             0.51996                   1
           71.879229             0.50487                   1
           97.838783             0.50492                   1
          107.793568             0.51996                   1
          111.778535             0.50495                   1
          117.763388             0.50493                   1
          131.713222             0.51993                   1
          159.622723             0.52000                   1
          163.617653             0.51003                   1
          167.592629             0.50492                   1
          179.557350             0.51999                   1
          189.527216             0.50498                   1
          205.492006             0.50494                   1
          209.476908             0.50498                   1
          257.346133             0.50490                   1
          265.315981             0.51994                   1
          303.215380             0.50993                   1
          313.170160             0.51995                   1
          337.104812             0.51998                   1
