           12.018503             0.51996                   1
           16.003426             0.52004                   1
           47.942858             0.50999                   1
           51.917841             0.50496                   1
           63.882580             0.52006                   1
           89.827231             0.50494                   1
           91.812178             0.50500                   1
          113.761810             0.50493                   1
          123.716607             0.52000                   1
          143.666325             0.51498                   1
          167.585865             0.52006                   1
          191.530583             0.51987                   1
          229.429907             0.51994                   1
          235.424723             0.50502                   1
          249.389522             0.51007                   1
          257.374423             0.50497                   1
          277.309103             0.50498                   1
          323.163370             0.50482                   1
          329.133220             0.52000                   1
          337.113088             0.52012                   1
