           16.008034             0.52003                   1
           73.857072             0.51006                   1
           79.841986             0.51999                   1
           91.811733             0.52003                   1
           93.796736             0.52000                   1
          103.776605             0.51994                   1
          121.731326             0.51497                   1
          123.726176             0.51009                   1
          155.645696             0.51998                   1
          163.630608             0.52001                   1
          167.615518             0.52001                   1
          191.535288             0.51986                   1
          193.535090             0.50498                   1
          195.520085             0.50496                   1
          197.505063             0.50994                   1
          215.469753             0.52001                   1
          225.439578             0.50495                   1
          249.374194             0.50491                   1
          257.344088             0.52000                   1
          263.313958             0.51997                   1
          287.263537             0.51994                   1
          289.248515             0.51999                   1
          331.147824             0.50999                   1
          335.122785             0.51994                   1
