            8.030421             0.52011                   1
           23.985292             0.52009                   1
           33.965151             0.50999                   1
           47.919913             0.51994                   1
           93.809214             0.50494                   1
          115.748772             0.52002                   1
          125.718644             0.50497                   1
          149.668260             0.50496                   1
          159.638106             0.52001                   1
          163.623020             0.51996                   1
          173.592894             0.50491                   1
          199.487348             0.52004                   1
          213.467182             0.50992                   1
          215.452036             0.51006                   1
          221.437040             0.51999                   1
          241.391698             0.50500                   1
          293.235850             0.50498                   1
          315.175453             0.52005                   1
          321.160393             0.51993                   1
          327.130293             0.50493                   1
