            8.038036             0.52018                   1
           17.993029             0.51999                   1
           53.932428             0.50998                   1
           63.892246             0.51500                   1
           65.877217             0.51991                   1
           67.862157             0.52001                   1
          127.711226             0.50992                   1
          139.680989             0.51998                   1
          179.595329             0.50494                   1
          185.565273             0.51990                   1
          219.469679             0.50493                   1
          223.454577             0.50499                   1
          247.389238             0.50495                   1
          261.328982             0.52002                   1
          267.313953             0.50491                   1
          275.283763             0.50497                   1
          301.228331             0.51000                   1
          305.213337             0.50986                   1
          309.188127             0.52000                   1
          319.183023             0.50501                   1
          323.167910             0.50504                   1
          341.117636             0.50501                   1
