            8.030421             1.13737                   1
           23.985292             0.85409                   1
           33.965151             0.64200                   1
           47.919913             0.95886                   1
           93.809214             0.86043                   1
          115.748772             0.88832                   1
          125.718644             1.24620                   1
          149.668260             1.02395                   1
          159.638106             1.19788                   1
          163.623020             1.23684                   1
          173.592894             1.18674                   1
          199.487348             1.34762                   1
          213.467182             0.76748                   1
          215.452036             0.75050                   1
          221.437040             0.81338                   1
          241.391698             0.69024                   1
          293.235850             1.04479                   1
          315.175453             0.62467                   1
          321.160393             1.31153                   1
          327.130293             0.84551                   1
