           18.000409             0.52006                   1
           27.985268             0.50501                   1
           53.919833             0.50500                   1
           55.904699             0.50502                   1
           73.859498             0.52001                   1
           81.854354             0.50504                   1
          103.794018             0.51998                   1
          109.778883             0.52004                   1
          121.733751             0.50496                   1
          143.683381             0.51997                   1
          147.683269             0.50501                   1
          179.562706             0.50500                   1
          229.421912             0.52001                   1
          235.406825             0.50496                   1
          243.376683             0.51999                   1
          247.346665             0.50988                   1
          251.331528             0.52002                   1
          277.281067             0.51002                   1
          309.205638             0.51996                   1
          323.160377             0.50496                   1
          339.110065             0.52002                   1
          341.094988             0.52011                   1
