           16.008034            0.719600                   1
           73.857072            0.933060                   1
           79.841986            0.684000                   1
           91.811733            0.849980                   1
           93.796736            0.832920                   1
          103.776605            0.700800                   1
          121.731326            0.745630                   1
          123.726176            0.846750                   1
          155.645696            0.830400                   1
          163.630608            0.869280                   1
          167.615518            0.748280                   1
          191.535288            0.683910                   1
          193.535090            0.780060                   1
          195.520085            0.787030                   1
          197.505063            1.321960                   1
          215.469753            0.868840                   1
          225.439578            1.018780                   1
          249.374194            1.083580                   1
          257.344088            0.737430                   1
          263.313958            0.639420                   1
          287.263537            0.785230                   1
          289.248515            0.880220                   1
          331.147824            0.931850                   1
          335.122785            1.140820                   1
            8.033542            1.382180                   1
           19.988363            0.707090                   1
           25.983206            0.736080                   1
           27.968188            0.927060                   1
           49.927903            1.014810                   1
           71.862524            1.087620                   1
           81.847314            0.520140                   1
          119.731702            1.457260                   1
          131.696531            0.908080                   1
          147.661303            1.182970                   1
          165.595984            0.839820                   1
          183.560673            0.898710                   1
          185.545598            0.873710                   1
          207.495239            1.083510                   1
          209.480169            1.138530                   1
          215.465134            1.273380                   1
          253.374461            0.811120                   1
          273.324140            0.804930                   1
          289.263890            0.920820                   1
          309.208589            0.863620                   1
          319.178392            0.877520                   1
          325.148320            0.683500                   1
           10.015191            0.536510                   1
           23.984980            0.710380                   1
           45.929714            0.541070                   1
           55.914501            0.492010                   1
           57.899358            0.915150                   1
           65.894298            0.895970                   1
          109.778530            0.642660                   1
          121.748331            0.680550                   1
          129.728225            0.628460                   1
          147.682928            0.785320                   1
          153.662784            1.229340                   1
          155.652818            1.175190                   1
          177.572545            0.566950                   1
          201.492025            0.718840                   1
          217.431810            1.082680                   1
          241.381338            0.740550                   1
          273.300786            0.964310                   1
          293.250504            1.166080                   1
          297.220426            0.988060                   1
          323.155059            0.868770                   1
          327.139965            0.611750                   1
          335.119811            0.887710                   1
           18.000409            1.151100                   1
           27.985268            0.702000                   1
           53.919833            1.030800                   1
           55.904699            0.725870                   1
           73.859498            0.890640                   1
           81.854354            0.983560                   1
          103.794018            1.131370                   1
          109.778883            0.962330                   1
          121.733751            0.751170                   1
          143.683381            1.049000                   1
          147.683269            1.392980                   1
          179.562706            0.616780                   1
          229.421912            0.948340                   1
          235.406825            1.027260                   1
          243.376683            1.457190                   1
          247.346665            0.631190                   1
          251.331528            0.934150                   1
          277.281067            1.463980                   1
          309.205638            0.970590                   1
          323.160377            0.599540                   1
          339.110065            0.777480                   1
          341.094988            1.192450                   1
