           27.964948             0.82628                   1
           83.858966             0.68286                   1
           93.853790             0.53579                   1
          103.823669             1.02167                   1
          137.713225             0.95522                   1
          141.698085             0.56230                   1
          157.637747             0.63025                   1
          165.607614             0.87614                   1
          181.557352             0.63803                   1
          187.542290             0.86093                   1
          191.512214             0.49090                   1
          211.461892             0.75672                   1
          215.446824             0.77971                   1
          229.426579             0.83161                   1
          235.411485             1.40653                   1
          239.396420             0.68547                   1
          247.366346             0.72337                   1
          255.361165             0.81634                   1
          261.331038             0.99833                   1
          277.295759             1.28118                   1
          295.235468             1.19707                   1
          311.185191             0.65496                   1
          317.155090             0.86091                   1
