            8.038036            0.520180                   1
           17.993029            0.519990                   1
           53.932428            0.509980                   1
           63.892246            0.515000                   1
           65.877217            0.519910                   1
           67.862157            0.520010                   1
          127.711226            0.509920                   1
          139.680989            0.519980                   1
          179.595329            0.504940                   1
          185.565273            0.519900                   1
          219.469679            0.504930                   1
          223.454577            0.504990                   1
          247.389238            0.504950                   1
          261.328982            0.520020                   1
          267.313953            0.504910                   1
          275.283763            0.504970                   1
          301.228331            0.510000                   1
          305.213337            0.509860                   1
          309.188127            0.520000                   1
          319.183023            0.505010                   1
          323.167910            0.505040                   1
          341.117636            0.505010                   1
           12.018503            0.519960                   1
           16.003426            0.520040                   1
           47.942858            0.509990                   1
           51.917841            0.504960                   1
           63.882580            0.520060                   1
           89.827231            0.504940                   1
           91.812178            0.505000                   1
          113.761810            0.504930                   1
          123.716607            0.520000                   1
          143.666325            0.514980                   1
          167.585865            0.520060                   1
          191.530583            0.519870                   1
          229.429907            0.519940                   1
          235.424723            0.505020                   1
          249.389522            0.510070                   1
          257.374423            0.504970                   1
          277.309103            0.504980                   1
          323.163370            0.504820                   1
          329.133220            0.520000                   1
          337.113088            0.520120                   1
           27.964948            0.509920                   1
           83.858966            0.519990                   1
           93.853790            0.504990                   1
          103.823669            0.519960                   1
          137.713225            0.504850                   1
          141.698085            0.504890                   1
          157.637747            0.520050                   1
          165.607614            0.504980                   1
          181.557352            0.505000                   1
          187.542290            0.504940                   1
          191.512214            0.519970                   1
          211.461892            0.504910                   1
          215.446824            0.519990                   1
          229.426579            0.504970                   1
          235.411485            0.504950                   1
          239.396420            0.504940                   1
          247.366346            0.519960                   1
          255.361165            0.504920                   1
          261.331038            0.520000                   1
          277.295759            0.504930                   1
          295.235468            0.520020                   1
          311.185191            0.510040                   1
          317.155090            0.520110                   1
           10.015565            0.509970                   1
           43.935029            0.509940                   1
           65.889649            0.504920                   1
           67.874593            0.504980                   1
           85.839267            0.505060                   1
           91.824185            0.504980                   1
          117.748735            0.505000                   1
          131.703580            0.519900                   1
          157.653083            0.504960                   1
          165.607891            0.520030                   1
          167.592923            0.520070                   1
          197.502444            0.519990                   1
          245.361613            0.520000                   1
          259.331408            0.505000                   1
          261.316375            0.504940                   1
          271.301232            0.504980                   1
          289.250873            0.505030                   1
          325.145349            0.504910                   1
