            8.038036            0.520180                   1
           14.033078            0.505010                   1
           16.008034            0.520030                   1
           17.993029            0.519990                   1
           23.987930            0.504920                   1
           41.967666            0.504920                   1
           45.952546            0.504940                   1
           53.932428            0.509980                   1
           55.922342            0.505060                   1
           57.907369            0.519860                   1
           63.892246            0.515000                   1
           65.877217            0.519910                   1
           67.862157            0.520010                   1
           73.857072            0.510060                   1
           79.841986            0.519990                   1
           85.826890            0.520030                   1
           91.811733            0.520030                   1
           93.796736            0.520000                   1
          101.791646            0.504880                   1
          103.776605            0.519940                   1
          105.761561            0.509940                   1
          109.746487            0.519990                   1
          121.731326            0.514970                   1
          123.726176            0.510090                   1
          127.711226            0.509920                   1
          131.696082            0.509990                   1
          139.680989            0.519980                   1
          147.675876            0.505050                   1
          153.660739            0.505020                   1
          155.645696            0.519980                   1
          163.630608            0.520010                   1
          167.615518            0.520010                   1
          175.610393            0.504990                   1
          179.595329            0.504940                   1
          181.580337            0.519990                   1
          185.565273            0.519900                   1
          187.550172            0.520020                   1
          191.535288            0.519860                   1
          193.535090            0.504980                   1
          195.520085            0.504960                   1
          197.505063            0.509940                   1
          215.469753            0.520010                   1
          219.469679            0.504930                   1
          223.454577            0.504990                   1
          225.439578            0.504950                   1
          229.424521            0.520000                   1
          231.409490            0.520000                   1
          237.394326            0.520050                   1
          247.389238            0.504950                   1
          249.374194            0.504910                   1
          255.359083            0.520080                   1
          257.344088            0.520000                   1
          261.328982            0.520020                   1
          263.313958            0.519970                   1
          267.313953            0.504910                   1
          271.298835            0.505020                   1
          275.283763            0.504970                   1
          287.263537            0.519940                   1
          289.248515            0.519990                   1
          299.243387            0.509970                   1
          301.228331            0.510000                   1
          305.213337            0.509860                   1
          307.203184            0.504940                   1
          309.188127            0.520000                   1
          319.183023            0.505010                   1
          323.167910            0.505040                   1
          331.147824            0.509990                   1
          333.132791            0.509960                   1
          335.122785            0.519940                   1
          341.117636            0.505010                   1
            8.033542            0.504980                   1
           12.018503            0.519960                   1
           16.003426            0.520040                   1
           19.988363            0.520010                   1
           25.983206            0.505010                   1
           27.968188            0.505120                   1
           39.948003            0.520050                   1
           47.942858            0.509990                   1
           49.927903            0.509910                   1
           51.917841            0.504960                   1
           63.882580            0.520060                   1
           71.862524            0.510010                   1
           81.847314            0.520000                   1
           89.827231            0.504940                   1
           91.812178            0.505000                   1
           93.797135            0.509960                   1
           95.782108            0.510000                   1
          101.766961            0.520030                   1
          113.761810            0.504930                   1
          115.746765            0.504960                   1
          119.731702            0.520090                   1
          123.716607            0.520000                   1
          127.701575            0.520030                   1
          131.696531            0.504950                   1
          139.681420            0.519920                   1
          143.666325            0.514980                   1
          147.661303            0.505020                   1
          159.616110            0.519880                   1
          165.595984            0.519970                   1
          167.585865            0.520060                   1
          177.575761            0.509940                   1
          183.560673            0.519960                   1
          185.545598            0.519970                   1
          191.530583            0.519870                   1
          193.530567            0.504890                   1
          207.495239            0.519980                   1
          209.480169            0.520060                   1
          211.465206            0.519940                   1
          215.465134            0.504950                   1
          219.450094            0.504870                   1
          229.429907            0.519940                   1
          235.424723            0.505020                   1
          249.389522            0.510070                   1
          253.374461            0.520020                   1
          257.374423            0.504970                   1
          259.359478            0.504900                   1
          267.339265            0.510050                   1
          273.324140            0.520020                   1
          275.309110            0.520000                   1
          277.309103            0.504980                   1
          283.293997            0.504990                   1
          285.279028            0.504910                   1
          289.263890            0.515010                   1
          297.243772            0.519930                   1
          299.243671            0.505070                   1
          307.223656            0.509890                   1
          309.208589            0.509970                   1
          317.193400            0.519990                   1
          319.178392            0.520000                   1
          321.178378            0.504890                   1
          323.163370            0.504820                   1
          325.148320            0.504940                   1
          329.133220            0.520000                   1
          337.113088            0.520120                   1
          339.113070            0.505000                   1
            8.030080            0.520140                   1
           10.015191            0.520020                   1
           14.000131            0.520050                   1
           21.985075            0.520150                   1
           23.984980            0.505000                   1
           27.964948            0.509920                   1
           35.949797            0.520010                   1
           37.934763            0.519960                   1
           45.929714            0.509880                   1
           55.914501            0.519980                   1
           57.899358            0.520070                   1
           65.894298            0.504990                   1
           71.879229            0.504870                   1
           83.858966            0.519990                   1
           93.853790            0.504990                   1
           97.838783            0.504920                   1
          103.823669            0.519960                   1
          107.793568            0.519960                   1
          109.778530            0.520070                   1
          111.778535            0.504950                   1
          117.763388            0.504930                   1
          121.748331            0.505000                   1
          129.728225            0.520020                   1
          131.713222            0.519930                   1
          137.713225            0.504850                   1
          141.698085            0.504890                   1
          147.682928            0.504960                   1
          153.662784            0.520060                   1
          155.652818            0.514990                   1
          157.637747            0.520050                   1
          159.622723            0.520000                   1
          163.617653            0.510030                   1
          165.607614            0.504980                   1
          167.592629            0.504920                   1
          177.572545            0.519880                   1
          179.557350            0.519990                   1
          181.557352            0.505000                   1
          187.542290            0.504940                   1
          189.527216            0.504980                   1
          191.512214            0.519970                   1
          201.492025            0.520010                   1
          205.492006            0.504940                   1
          209.476908            0.504980                   1
          211.461892            0.504910                   1
          215.446824            0.519990                   1
          217.431810            0.509920                   1
          229.426579            0.504970                   1
          235.411485            0.504950                   1
          239.396420            0.504940                   1
          241.381338            0.520030                   1
          247.366346            0.519960                   1
          255.361165            0.504920                   1
          257.346133            0.504900                   1
          261.331038            0.520000                   1
          265.315981            0.519940                   1
          273.300786            0.515050                   1
          277.295759            0.504930                   1
          293.250504            0.519990                   1
          295.235468            0.520020                   1
          297.220426            0.520000                   1
          303.215380            0.509930                   1
          311.185191            0.510040                   1
          313.170160            0.519950                   1
          317.155090            0.520110                   1
          323.155059            0.504970                   1
          327.139965            0.504930                   1
          335.119811            0.509990                   1
          337.104812            0.519980                   1
            8.030421            0.520110                   1
           10.015565            0.509970                   1
           18.000409            0.520060                   1
           23.985292            0.520090                   1
           27.985268            0.505010                   1
           33.965151            0.509990                   1
           43.935029            0.509940                   1
           47.919913            0.519940                   1
           53.919833            0.505000                   1
           55.904699            0.505020                   1
           65.889649            0.504920                   1
           67.874593            0.504980                   1
           73.859498            0.520010                   1
           81.854354            0.505040                   1
           85.839267            0.505060                   1
           91.824185            0.504980                   1
           93.809214            0.504940                   1
          103.794018            0.519980                   1
          109.778883            0.520040                   1
          115.748772            0.520020                   1
          117.748735            0.505000                   1
          121.733751            0.504960                   1
          125.718644            0.504970                   1
          131.703580            0.519900                   1
          143.683381            0.519970                   1
          147.683269            0.505010                   1
          149.668260            0.504960                   1
          157.653083            0.504960                   1
          159.638106            0.520010                   1
          163.623020            0.519960                   1
          165.607891            0.520030                   1
          167.592923            0.520070                   1
          173.592894            0.504910                   1
          179.562706            0.505000                   1
          197.502444            0.519990                   1
          199.487348            0.520040                   1
          213.467182            0.509920                   1
          215.452036            0.510060                   1
          221.437040            0.519990                   1
          229.421912            0.520010                   1
          235.406825            0.504960                   1
          241.391698            0.505000                   1
          243.376683            0.519990                   1
          245.361613            0.520000                   1
          247.346665            0.509880                   1
          251.331528            0.520020                   1
          259.331408            0.505000                   1
          261.316375            0.504940                   1
          271.301232            0.504980                   1
          277.281067            0.510020                   1
          289.250873            0.505030                   1
          293.235850            0.504980                   1
          309.205638            0.519960                   1
          315.175453            0.520050                   1
          321.160393            0.519930                   1
          323.160377            0.504960                   1
          325.145349            0.504910                   1
          327.130293            0.504930                   1
          339.110065            0.520020                   1
          341.094988            0.520110                   1
