           14.033078            0.505010                   1
           23.987930            0.504920                   1
           41.967666            0.504920                   1
           45.952546            0.504940                   1
           55.922342            0.505060                   1
           57.907369            0.519860                   1
           85.826890            0.520030                   1
          101.791646            0.504880                   1
          105.761561            0.509940                   1
          109.746487            0.519990                   1
          131.696082            0.509990                   1
          147.675876            0.505050                   1
          153.660739            0.505020                   1
          175.610393            0.504990                   1
          181.580337            0.519990                   1
          187.550172            0.520020                   1
          229.424521            0.520000                   1
          231.409490            0.520000                   1
          237.394326            0.520050                   1
          255.359083            0.520080                   1
          271.298835            0.505020                   1
          299.243387            0.509970                   1
          307.203184            0.504940                   1
          333.132791            0.509960                   1
           39.948003            0.520050                   1
           93.797135            0.509960                   1
           95.782108            0.510000                   1
          101.766961            0.520030                   1
          115.746765            0.504960                   1
          127.701575            0.520030                   1
          139.681420            0.519920                   1
          159.616110            0.519880                   1
          177.575761            0.509940                   1
          193.530567            0.504890                   1
          211.465206            0.519940                   1
          219.450094            0.504870                   1
          259.359478            0.504900                   1
          267.339265            0.510050                   1
          275.309110            0.520000                   1
          283.293997            0.504990                   1
          285.279028            0.504910                   1
          297.243772            0.519930                   1
          299.243671            0.505070                   1
          307.223656            0.509890                   1
          317.193400            0.519990                   1
          321.178378            0.504890                   1
          339.113070            0.505000                   1
            8.030080            0.520140                   1
           14.000131            0.520050                   1
           21.985075            0.520150                   1
           35.949797            0.520010                   1
           37.934763            0.519960                   1
           71.879229            0.504870                   1
           97.838783            0.504920                   1
          107.793568            0.519960                   1
          111.778535            0.504950                   1
          117.763388            0.504930                   1
          131.713222            0.519930                   1
          159.622723            0.520000                   1
          163.617653            0.510030                   1
          167.592629            0.504920                   1
          179.557350            0.519990                   1
          189.527216            0.504980                   1
          205.492006            0.504940                   1
          209.476908            0.504980                   1
          257.346133            0.504900                   1
          265.315981            0.519940                   1
          303.215380            0.509930                   1
          313.170160            0.519950                   1
          337.104812            0.519980                   1
            8.030421            0.520110                   1
           23.985292            0.520090                   1
           33.965151            0.509990                   1
           47.919913            0.519940                   1
           93.809214            0.504940                   1
          115.748772            0.520020                   1
          125.718644            0.504970                   1
          149.668260            0.504960                   1
          159.638106            0.520010                   1
          163.623020            0.519960                   1
          173.592894            0.504910                   1
          199.487348            0.520040                   1
          213.467182            0.509920                   1
          215.452036            0.510060                   1
          221.437040            0.519990                   1
          241.391698            0.505000                   1
          293.235850            0.504980                   1
          315.175453            0.520050                   1
          321.160393            0.519930                   1
          327.130293            0.504930                   1
