           31.972803            0.482390    1
          209.484793            1.513480    1
           61.897786            0.964680    1
           69.877484            1.424700    1
           87.842230            1.513450    1
          153.646132            1.513450    1
          195.515439            1.513450    1
          241.409676            1.048220    1
          105.808630            1.513390    1
          279.280740            1.513390    1
          307.200262            1.375940    1
           41.950086            1.513480    1
          113.763815            1.513480    1
          177.577781            1.513480    1
          181.547718            1.513480    1
          189.532664            1.513480    1
          193.517473            1.513480    1
          203.487361            1.513480    1
          231.421898            1.513480    1
          285.265970            1.318860    1
          287.265948            0.206820    1
          297.220778            1.513480    1
          313.190590            1.513480    1
