            8.038036            0.865790                   1
           17.993029            0.520270                   1
           53.932428            0.858170                   1
           63.892246            0.762150                   1
           65.877217            0.769100                   1
           67.862157            1.008130                   1
          127.711226            0.717550                   1
          139.680989            1.027480                   1
          179.595329            0.896140                   1
          185.565273            0.726070                   1
          219.469679            0.924800                   1
          223.454577            0.571790                   1
          247.389238            0.956540                   1
          261.328982            0.560470                   1
          267.313953            0.511370                   1
          275.283763            0.653350                   1
          301.228331            0.772100                   1
          305.213337            0.579050                   1
          309.188127            0.660170                   1
          319.183023            0.944920                   1
          323.167910            0.887940                   1
          341.117636            0.753860                   1
           12.018503            0.621200                   1
           16.003426            0.532140                   1
           47.942858            0.847910                   1
           51.917841            0.752780                   1
           63.882580            0.859850                   1
           89.827231            0.730480                   1
           91.812178            0.769450                   1
          113.761810            0.819310                   1
          123.716607            0.976220                   1
          143.666325            0.970040                   1
          167.585865            0.825900                   1
          191.530583            0.944570                   1
          229.429907            0.628300                   1
          235.424723            0.625330                   1
          249.389522            0.716140                   1
          257.374423            0.595160                   1
          277.309103            1.035860                   1
          323.163370            1.180490                   1
          329.133220            0.842500                   1
          337.113088            0.870410                   1
           27.964948            0.826280                   1
           83.858966            0.682860                   1
           93.853790            0.535790                   1
          103.823669            1.021670                   1
          137.713225            0.955220                   1
          141.698085            0.562300                   1
          157.637747            0.630250                   1
          165.607614            0.876140                   1
          181.557352            0.638030                   1
          187.542290            0.860930                   1
          191.512214            0.490900                   1
          211.461892            0.756720                   1
          215.446824            0.779710                   1
          229.426579            0.831610                   1
          235.411485            1.406530                   1
          239.396420            0.685470                   1
          247.366346            0.723370                   1
          255.361165            0.816340                   1
          261.331038            0.998330                   1
          277.295759            1.281180                   1
          295.235468            1.197070                   1
          311.185191            0.654960                   1
          317.155090            0.860910                   1
           10.015565            0.720210                   1
           43.935029            0.871840                   1
           65.889649            0.996700                   1
           67.874593            0.939670                   1
           85.839267            0.654570                   1
           91.824185            0.661470                   1
          117.748735            0.960190                   1
          131.703580            1.077070                   1
          157.653083            1.086950                   1
          165.607891            1.475920                   1
          167.592923            1.434900                   1
          197.502444            1.124610                   1
          245.361613            0.632240                   1
          259.331408            0.654110                   1
          261.316375            1.061080                   1
          271.301232            1.339920                   1
          289.250873            0.957870                   1
          325.145349            1.062500                   1
