           27.964948             0.50992                   1
           83.858966             0.51999                   1
           93.853790             0.50499                   1
          103.823669             0.51996                   1
          137.713225             0.50485                   1
          141.698085             0.50489                   1
          157.637747             0.52005                   1
          165.607614             0.50498                   1
          181.557352             0.50500                   1
          187.542290             0.50494                   1
          191.512214             0.51997                   1
          211.461892             0.50491                   1
          215.446824             0.51999                   1
          229.426579             0.50497                   1
          235.411485             0.50495                   1
          239.396420             0.50494                   1
          247.366346             0.51996                   1
          255.361165             0.50492                   1
          261.331038             0.52000                   1
          277.295759             0.50493                   1
          295.235468             0.52002                   1
          311.185191             0.51004                   1
          317.155090             0.52011                   1
