           10.015191             0.52002                   1
           23.984980             0.50500                   1
           45.929714             0.50988                   1
           55.914501             0.51998                   1
           57.899358             0.52007                   1
           65.894298             0.50499                   1
          109.778530             0.52007                   1
          121.748331             0.50500                   1
          129.728225             0.52002                   1
          147.682928             0.50496                   1
          153.662784             0.52006                   1
          155.652818             0.51499                   1
          177.572545             0.51988                   1
          201.492025             0.52001                   1
          217.431810             0.50992                   1
          241.381338             0.52003                   1
          273.300786             0.51505                   1
          293.250504             0.51999                   1
          297.220426             0.52000                   1
          323.155059             0.50497                   1
          327.139965             0.50493                   1
          335.119811             0.50999                   1
