file version= 2.0
gentask.....= PsychoPy
id..........=
operator....=
doctor......=
referral....=
institution.=
subject.....= P26E1BEH
age.........=
sex.........=
hand........=
medications.=
class.......=
state.......=
label.......=
date........= 2016_Mar_25_1517
time........=
education...=
occupation..=
  Trial  Resp  Type  Correct      Latency    Stim/Resp
  ----- ----- -----    -----        -----        -----
      1     1    19        1   903.715856         Stim
      2     1    18        1   702.580075         Stim
      3     6    28        1   984.503376         Stim
      4     6    28        1   759.522736         Stim
      5     6    26        1   695.533074         Stim
      6     1    15        1   540.479752         Stim
      7     1    17        1   870.454468         Stim
      8     6    26        1   693.460865         Stim
      9     1    15        1   628.564942         Stim
     10     1    15        1   611.467900         Stim
     11     6    25        1   602.516009         Stim
     12     1    17        1   401.342597         Stim
     13     6    26        1   611.415030         Stim
     14     1    25        0   490.371368         Stim
     15     1    17        1   882.417483         Stim
     16     1    18        1   713.406999         Stim
     17     6    26        1   744.338669         Stim
     18     1    27        0   623.259864         Stim
     19     6    28        1   853.298646         Stim
     20     1    18        1   679.190212         Stim
     21     6    26        1   558.268463         Stim
     22     1    15        1   589.260156         Stim
     23     6    25        1   548.289332         Stim
     24     1    15        1   475.260698         Stim
     25     1    15        1   628.187074         Stim
     26     1    17        1   548.244858         Stim
     27     1    16        1   729.191923         Stim
     28     6    25        1   723.168741         Stim
     29     1    27        0   562.133600         Stim
     30     1    16        1   441.195991         Stim
     31     1    15        1   608.129601         Stim
     32     1    17        1  1087.169288         Stim
     33     6    26        1   712.054139         Stim
     34     6    27        1   783.058148         Stim
     35     6    26        1  1332.999524         Stim
     36     1    17        1   599.019099         Stim
     37     6    26        1   638.114269         Stim
     38     1    15        1   590.040461         Stim
     39     0    17        0  1463.445000         Stim
     40     6    28        1   548.005076         Stim
     41     6    28        1   690.965693         Stim
     42     1    16        1   657.955906         Stim
     43     6    25        1  1112.973773         Stim
     44     1    15        1   617.975002         Stim
     45     1    17        1   759.875102         Stim
     46     1    18        1   665.909480         Stim
     47     1    16        1   527.823201         Stim
     48     6    27        1   733.797556         Stim
     49     1    18        1   823.854501         Stim
     50     1    18        1   685.856236         Stim
     51     6    28        1   988.810758         Stim
     52     6    26        1   843.804056         Stim
     53     1    15        1   572.804712         Stim
     54     6    25        1   330.796073         Stim
     55     1    15        1   452.799176         Stim
     56     6    25        1   955.680302         Stim
     57     1    17        1   538.743115         Stim
     58     1    18        1   896.662323         Stim
     59     6    26        1   570.694561         Stim
     60     1    15        1   697.699205         Stim
     61     6    27        1   800.651550         Stim
     62     1    18        1   359.740748         Stim
     63     0    26        0  1463.445000         Stim
     64     1    15       -1    39.608324         Stim
     65     6    27        1   294.612507         Stim
     66     1    18        1   477.600368         Stim
     67     6    28        1  1252.575566         Stim
     68     1    28        0   547.593931         Stim
     69     6    26        1   682.537530         Stim
     70     6    27        1  1204.524773         Stim
     71     0    16        0  1463.445000         Stim
     72     6    27        1   833.476602         Stim
     73     1    28        0   466.472705         Stim
     74     6    28        1   857.471053         Stim
     75     1    16        1   911.422494         Stim
     76     1    17        1   744.510342         Stim
     77     6    26        1   743.441738         Stim
     78     1    15        1   592.450729         Stim
     79     6    27        1   687.360243         Stim
     80     1    18        1   622.222982         Stim
     81     1    16        1   534.383796         Stim
     82     6    25        1   781.304095         Stim
     83     6    25        1   604.359631         Stim
     84     0    17        0  1463.445000         Stim
     85     6    28        1   891.313705         Stim
     86     1    16        1   418.249928         Stim
     87     1    15        1   555.262937         Stim
     88     1    17        1   578.254406         Stim
     89     1    16        1   521.238038         Stim
     90     1    27        0   407.267813         Stim
     91     1    16        1   577.260132         Stim
     92     1    15        1   728.201380         Stim
     93     1    15        1   599.222494         Stim
     94     6    25        1   654.213926         Stim
     95     1    15        1   663.112325         Stim
     96     1    17        1   645.097204         Stim
     97     1    16        1   636.177657         Stim
     98     1    15        1   683.121282         Stim
     99     1    15        1   613.067074         Stim
    100     1    17        1   812.061292         Stim
    101     6    28        1  1076.060907         Stim
    102     1    16        1  1344.998927         Stim
    103     1    17        1   723.000177         Stim
    104     1    26        0   570.064160         Stim
    105     1    25        0   722.050376         Stim
    106     6    27        1   838.966104         Stim
    107     6    28        1   639.991790         Stim
    108     1    18        1   743.002914         Stim
    109     1    18        1  1156.913426         Stim
    110     6    26        1   686.927017         Stim
    111     1    17        1   660.921002         Stim
    112     6    28        1   731.919102         Stim
    113     6    26        1   684.838325         Stim
    114     1    15        1   563.819233         Stim
    115     6    27        1   577.892710         Stim
    116     1    18        1   667.948100         Stim
    117     6    28        1   833.851982         Stim
    118     6    28        1   760.846051         Stim
    119     1    16        1   663.842869         Stim
    120     1    15        1   577.773597         Stim
    121     6    27        1   760.724760         Stim
    122     6    28        1   840.773338         Stim
    123     6    26        1  1015.706862         Stim
    124     6    27        1   926.678091         Stim
    125     1    26        0   613.744748         Stim
    126     6    25        1   604.760513         Stim
    127     6    27        1   555.709847         Stim
    128     1    16        1   549.706258         Stim
    129     6    27        1   716.615610         Stim
    130     1    18        1   420.636249         Stim
    131     1    16        1   627.622916         Stim
    132     6    25        1   562.593262         Stim
    133     6    27        1   641.502017         Stim
    134     0    26        0  1463.445000         Stim
    135     6    25        1   513.575563         Stim
    136     6    17        0   512.497629         Stim
    137     6    26        1   631.517909         Stim
    138     6    25        1   557.506819         Stim
    139     6    27        1   686.434700         Stim
    140     6    28        1   893.519645         Stim
    141     1    18        1   780.417116         Stim
    142     6    26        1   395.390945         Stim
    143     1    27        0   732.436299         Stim
    144     6    26        1   954.464594         Stim
    145     6    27        1  1081.421965         Stim
    146     0    18        0  1463.445000         Stim
    147     1    26        0   242.353541         Stim
    148     6    25        1   377.378002         Stim
    149     1    17        1   575.297707         Stim
    150     6    18        0   401.346640         Stim
    151     0    28        0  1463.445000         Stim
    152     1    16        1   783.314103         Stim
    153     1    17        1   549.130593         Stim
    154     6    18        0   351.245409         Stim
    155     1    16        1   798.271449         Stim
    156     1    17        1   773.215235         Stim
