           14.033078            0.654580                   1
           23.987930            0.595460                   1
           41.967666            0.647260                   1
           45.952546            1.150310                   1
           55.922342            0.780270                   1
           57.907369            0.611190                   1
           85.826890            0.986960                   1
          101.791646            0.725810                   1
          105.761561            0.755810                   1
          109.746487            0.898740                   1
          131.696082            0.692630                   1
          147.675876            1.032430                   1
          153.660739            0.887400                   1
          175.610393            0.809220                   1
          181.580337            0.839110                   1
          187.550172            0.749140                   1
          229.424521            0.625690                   1
          231.409490            1.008740                   1
          237.394326            0.663690                   1
          255.359083            0.802510                   1
          271.298835            0.574390                   1
          299.243387            0.573120                   1
          307.203184            0.805090                   1
          333.132791            1.394850                   1
           39.948003            0.730960                   1
           93.797135            0.704460                   1
           95.782108            1.159430                   1
          101.766961            0.910480                   1
          115.746765            1.346250                   1
          127.701575            1.151180                   1
          139.681420            0.803040                   1
          159.616110            1.163850                   1
          177.575761            1.219770                   1
          193.530567            1.192540                   1
          211.465206            1.025440                   1
          219.450094            1.312360                   1
          259.359478            1.033980                   1
          267.339265            1.021980                   1
          275.309110            1.083920                   1
          283.293997            0.658910                   1
          285.279028            0.633820                   1
          297.243772            1.364730                   1
          299.243671            0.588810                   1
          307.223656            0.976600                   1
          317.193400            0.838560                   1
          321.178378            1.221520                   1
          339.113070            1.078330                   1
            8.030080            1.033650                   1
           14.000131            0.647450                   1
           21.985075            0.782360                   1
           35.949797            0.729210                   1
           37.934763            0.736190                   1
           71.879229            0.878900                   1
           97.838783            0.918680                   1
          107.793568            1.363660                   1
          111.778535            0.770580                   1
          117.763388            0.881550                   1
          131.713222            1.035400                   1
          159.622723            0.821200                   1
          163.617653            0.602190                   1
          167.592629            0.699090                   1
          179.557350            0.798070                   1
          189.527216            0.667970                   1
          205.492006            0.806750                   1
          209.476908            1.157770                   1
          257.346133            0.631410                   1
          265.315981            1.501290                   1
          303.215380            1.008950                   1
          313.170160            0.741940                   1
          337.104812            1.062650                   1
            8.030421            1.137370                   1
           23.985292            0.854090                   1
           33.965151            0.642000                   1
           47.919913            0.958860                   1
           93.809214            0.860430                   1
          115.748772            0.888320                   1
          125.718644            1.246200                   1
          149.668260            1.023950                   1
          159.638106            1.197880                   1
          163.623020            1.236840                   1
          173.592894            1.186740                   1
          199.487348            1.347620                   1
          213.467182            0.767480                   1
          215.452036            0.750500                   1
          221.437040            0.813380                   1
          241.391698            0.690240                   1
          293.235850            1.044790                   1
          315.175453            0.624670                   1
          321.160393            1.311530                   1
          327.130293            0.845510                   1
