           10.015565             0.72021                   1
           43.935029             0.87184                   1
           65.889649             0.99670                   1
           67.874593             0.93967                   1
           85.839267             0.65457                   1
           91.824185             0.66147                   1
          117.748735             0.96019                   1
          131.703580             1.07707                   1
          157.653083             1.08695                   1
          165.607891             1.47592                   1
          167.592923             1.43490                   1
          197.502444             1.12461                   1
          245.361613             0.63224                   1
          259.331408             0.65411                   1
          261.316375             1.06108                   1
          271.301232             1.33992                   1
          289.250873             0.95787                   1
          325.145349             1.06250                   1
