           10.015565             0.50997                   1
           43.935029             0.50994                   1
           65.889649             0.50492                   1
           67.874593             0.50498                   1
           85.839267             0.50506                   1
           91.824185             0.50498                   1
          117.748735             0.50500                   1
          131.703580             0.51990                   1
          157.653083             0.50496                   1
          165.607891             0.52003                   1
          167.592923             0.52007                   1
          197.502444             0.51999                   1
          245.361613             0.52000                   1
          259.331408             0.50500                   1
          261.316375             0.50494                   1
          271.301232             0.50498                   1
          289.250873             0.50503                   1
          325.145349             0.50491                   1
