            8.038036            0.865790                   1
           14.033078            0.654580                   1
           16.008034            0.719600                   1
           17.993029            0.520270                   1
           23.987930            0.595460                   1
           41.967666            0.647260                   1
           45.952546            1.150310                   1
           53.932428            0.858170                   1
           55.922342            0.780270                   1
           57.907369            0.611190                   1
           63.892246            0.762150                   1
           65.877217            0.769100                   1
           67.862157            1.008130                   1
           73.857072            0.933060                   1
           79.841986            0.684000                   1
           85.826890            0.986960                   1
           91.811733            0.849980                   1
           93.796736            0.832920                   1
          101.791646            0.725810                   1
          103.776605            0.700800                   1
          105.761561            0.755810                   1
          109.746487            0.898740                   1
          121.731326            0.745630                   1
          123.726176            0.846750                   1
          127.711226            0.717550                   1
          131.696082            0.692630                   1
          139.680989            1.027480                   1
          147.675876            1.032430                   1
          153.660739            0.887400                   1
          155.645696            0.830400                   1
          163.630608            0.869280                   1
          167.615518            0.748280                   1
          175.610393            0.809220                   1
          179.595329            0.896140                   1
          181.580337            0.839110                   1
          185.565273            0.726070                   1
          187.550172            0.749140                   1
          191.535288            0.683910                   1
          193.535090            0.780060                   1
          195.520085            0.787030                   1
          197.505063            1.321960                   1
          215.469753            0.868840                   1
          219.469679            0.924800                   1
          223.454577            0.571790                   1
          225.439578            1.018780                   1
          229.424521            0.625690                   1
          231.409490            1.008740                   1
          237.394326            0.663690                   1
          247.389238            0.956540                   1
          249.374194            1.083580                   1
          255.359083            0.802510                   1
          257.344088            0.737430                   1
          261.328982            0.560470                   1
          263.313958            0.639420                   1
          267.313953            0.511370                   1
          271.298835            0.574390                   1
          275.283763            0.653350                   1
          287.263537            0.785230                   1
          289.248515            0.880220                   1
          299.243387            0.573120                   1
          301.228331            0.772100                   1
          305.213337            0.579050                   1
          307.203184            0.805090                   1
          309.188127            0.660170                   1
          319.183023            0.944920                   1
          323.167910            0.887940                   1
          331.147824            0.931850                   1
          333.132791            1.394850                   1
          335.122785            1.140820                   1
          341.117636            0.753860                   1
            8.033542            1.382180                   1
           12.018503            0.621200                   1
           16.003426            0.532140                   1
           19.988363            0.707090                   1
           25.983206            0.736080                   1
           27.968188            0.927060                   1
           39.948003            0.730960                   1
           47.942858            0.847910                   1
           49.927903            1.014810                   1
           51.917841            0.752780                   1
           63.882580            0.859850                   1
           71.862524            1.087620                   1
           81.847314            0.520140                   1
           89.827231            0.730480                   1
           91.812178            0.769450                   1
           93.797135            0.704460                   1
           95.782108            1.159430                   1
          101.766961            0.910480                   1
          113.761810            0.819310                   1
          115.746765            1.346250                   1
          119.731702            1.457260                   1
          123.716607            0.976220                   1
          127.701575            1.151180                   1
          131.696531            0.908080                   1
          139.681420            0.803040                   1
          143.666325            0.970040                   1
          147.661303            1.182970                   1
          159.616110            1.163850                   1
          165.595984            0.839820                   1
          167.585865            0.825900                   1
          177.575761            1.219770                   1
          183.560673            0.898710                   1
          185.545598            0.873710                   1
          191.530583            0.944570                   1
          193.530567            1.192540                   1
          207.495239            1.083510                   1
          209.480169            1.138530                   1
          211.465206            1.025440                   1
          215.465134            1.273380                   1
          219.450094            1.312360                   1
          229.429907            0.628300                   1
          235.424723            0.625330                   1
          249.389522            0.716140                   1
          253.374461            0.811120                   1
          257.374423            0.595160                   1
          259.359478            1.033980                   1
          267.339265            1.021980                   1
          273.324140            0.804930                   1
          275.309110            1.083920                   1
          277.309103            1.035860                   1
          283.293997            0.658910                   1
          285.279028            0.633820                   1
          289.263890            0.920820                   1
          297.243772            1.364730                   1
          299.243671            0.588810                   1
          307.223656            0.976600                   1
          309.208589            0.863620                   1
          317.193400            0.838560                   1
          319.178392            0.877520                   1
          321.178378            1.221520                   1
          323.163370            1.180490                   1
          325.148320            0.683500                   1
          329.133220            0.842500                   1
          337.113088            0.870410                   1
          339.113070            1.078330                   1
            8.030080            1.033650                   1
           10.015191            0.536510                   1
           14.000131            0.647450                   1
           21.985075            0.782360                   1
           23.984980            0.710380                   1
           27.964948            0.826280                   1
           35.949797            0.729210                   1
           37.934763            0.736190                   1
           45.929714            0.541070                   1
           55.914501            0.492010                   1
           57.899358            0.915150                   1
           65.894298            0.895970                   1
           71.879229            0.878900                   1
           83.858966            0.682860                   1
           93.853790            0.535790                   1
           97.838783            0.918680                   1
          103.823669            1.021670                   1
          107.793568            1.363660                   1
          109.778530            0.642660                   1
          111.778535            0.770580                   1
          117.763388            0.881550                   1
          121.748331            0.680550                   1
          129.728225            0.628460                   1
          131.713222            1.035400                   1
          137.713225            0.955220                   1
          141.698085            0.562300                   1
          147.682928            0.785320                   1
          153.662784            1.229340                   1
          155.652818            1.175190                   1
          157.637747            0.630250                   1
          159.622723            0.821200                   1
          163.617653            0.602190                   1
          165.607614            0.876140                   1
          167.592629            0.699090                   1
          177.572545            0.566950                   1
          179.557350            0.798070                   1
          181.557352            0.638030                   1
          187.542290            0.860930                   1
          189.527216            0.667970                   1
          191.512214            0.490900                   1
          201.492025            0.718840                   1
          205.492006            0.806750                   1
          209.476908            1.157770                   1
          211.461892            0.756720                   1
          215.446824            0.779710                   1
          217.431810            1.082680                   1
          229.426579            0.831610                   1
          235.411485            1.406530                   1
          239.396420            0.685470                   1
          241.381338            0.740550                   1
          247.366346            0.723370                   1
          255.361165            0.816340                   1
          257.346133            0.631410                   1
          261.331038            0.998330                   1
          265.315981            1.501290                   1
          273.300786            0.964310                   1
          277.295759            1.281180                   1
          293.250504            1.166080                   1
          295.235468            1.197070                   1
          297.220426            0.988060                   1
          303.215380            1.008950                   1
          311.185191            0.654960                   1
          313.170160            0.741940                   1
          317.155090            0.860910                   1
          323.155059            0.868770                   1
          327.139965            0.611750                   1
          335.119811            0.887710                   1
          337.104812            1.062650                   1
            8.030421            1.137370                   1
           10.015565            0.720210                   1
           18.000409            1.151100                   1
           23.985292            0.854090                   1
           27.985268            0.702000                   1
           33.965151            0.642000                   1
           43.935029            0.871840                   1
           47.919913            0.958860                   1
           53.919833            1.030800                   1
           55.904699            0.725870                   1
           65.889649            0.996700                   1
           67.874593            0.939670                   1
           73.859498            0.890640                   1
           81.854354            0.983560                   1
           85.839267            0.654570                   1
           91.824185            0.661470                   1
           93.809214            0.860430                   1
          103.794018            1.131370                   1
          109.778883            0.962330                   1
          115.748772            0.888320                   1
          117.748735            0.960190                   1
          121.733751            0.751170                   1
          125.718644            1.246200                   1
          131.703580            1.077070                   1
          143.683381            1.049000                   1
          147.683269            1.392980                   1
          149.668260            1.023950                   1
          157.653083            1.086950                   1
          159.638106            1.197880                   1
          163.623020            1.236840                   1
          165.607891            1.475920                   1
          167.592923            1.434900                   1
          173.592894            1.186740                   1
          179.562706            0.616780                   1
          197.502444            1.124610                   1
          199.487348            1.347620                   1
          213.467182            0.767480                   1
          215.452036            0.750500                   1
          221.437040            0.813380                   1
          229.421912            0.948340                   1
          235.406825            1.027260                   1
          241.391698            0.690240                   1
          243.376683            1.457190                   1
          245.361613            0.632240                   1
          247.346665            0.631190                   1
          251.331528            0.934150                   1
          259.331408            0.654110                   1
          261.316375            1.061080                   1
          271.301232            1.339920                   1
          277.281067            1.463980                   1
          289.250873            0.957870                   1
          293.235850            1.044790                   1
          309.205638            0.970590                   1
          315.175453            0.624670                   1
          321.160393            1.311530                   1
          323.160377            0.599540                   1
          325.145349            1.062500                   1
          327.130293            0.845510                   1
          339.110065            0.777480                   1
          341.094988            1.192450                   1
