            8.033542             0.50498                   1
           19.988363             0.52001                   1
           25.983206             0.50501                   1
           27.968188             0.50512                   1
           49.927903             0.50991                   1
           71.862524             0.51001                   1
           81.847314             0.52000                   1
          119.731702             0.52009                   1
          131.696531             0.50495                   1
          147.661303             0.50502                   1
          165.595984             0.51997                   1
          183.560673             0.51996                   1
          185.545598             0.51997                   1
          207.495239             0.51998                   1
          209.480169             0.52006                   1
          215.465134             0.50495                   1
          253.374461             0.52002                   1
          273.324140             0.52002                   1
          289.263890             0.51501                   1
          309.208589             0.50997                   1
          319.178392             0.52000                   1
          325.148320             0.50494                   1
