            8.033542             1.38218                   1
           19.988363             0.70709                   1
           25.983206             0.73608                   1
           27.968188             0.92706                   1
           49.927903             1.01481                   1
           71.862524             1.08762                   1
           81.847314             0.52014                   1
          119.731702             1.45726                   1
          131.696531             0.90808                   1
          147.661303             1.18297                   1
          165.595984             0.83982                   1
          183.560673             0.89871                   1
          185.545598             0.87371                   1
          207.495239             1.08351                   1
          209.480169             1.13853                   1
          215.465134             1.27338                   1
          253.374461             0.81112                   1
          273.324140             0.80493                   1
          289.263890             0.92082                   1
          309.208589             0.86362                   1
          319.178392             0.87752                   1
          325.148320             0.68350                   1
