           18.000409             1.15110                   1
           27.985268             0.70200                   1
           53.919833             1.03080                   1
           55.904699             0.72587                   1
           73.859498             0.89064                   1
           81.854354             0.98356                   1
          103.794018             1.13137                   1
          109.778883             0.96233                   1
          121.733751             0.75117                   1
          143.683381             1.04900                   1
          147.683269             1.39298                   1
          179.562706             0.61678                   1
          229.421912             0.94834                   1
          235.406825             1.02726                   1
          243.376683             1.45719                   1
          247.346665             0.63119                   1
          251.331528             0.93415                   1
          277.281067             1.46398                   1
          309.205638             0.97059                   1
          323.160377             0.59954                   1
          339.110065             0.77748                   1
          341.094988             1.19245                   1
