            8.038036             0.86579                   1
           17.993029             0.52027                   1
           53.932428             0.85817                   1
           63.892246             0.76215                   1
           65.877217             0.76910                   1
           67.862157             1.00813                   1
          127.711226             0.71755                   1
          139.680989             1.02748                   1
          179.595329             0.89614                   1
          185.565273             0.72607                   1
          219.469679             0.92480                   1
          223.454577             0.57179                   1
          247.389238             0.95654                   1
          261.328982             0.56047                   1
          267.313953             0.51137                   1
          275.283763             0.65335                   1
          301.228331             0.77210                   1
          305.213337             0.57905                   1
          309.188127             0.66017                   1
          319.183023             0.94492                   1
          323.167910             0.88794                   1
          341.117636             0.75386                   1
