           12.018503             0.62120                   1
           16.003426             0.53214                   1
           47.942858             0.84791                   1
           51.917841             0.75278                   1
           63.882580             0.85985                   1
           89.827231             0.73048                   1
           91.812178             0.76945                   1
          113.761810             0.81931                   1
          123.716607             0.97622                   1
          143.666325             0.97004                   1
          167.585865             0.82590                   1
          191.530583             0.94457                   1
          229.429907             0.62830                   1
          235.424723             0.62533                   1
          249.389522             0.71614                   1
          257.374423             0.59516                   1
          277.309103             1.03586                   1
          323.163370             1.18049                   1
          329.133220             0.84250                   1
          337.113088             0.87041                   1
