           16.008034             0.71960                   1
           73.857072             0.93306                   1
           79.841986             0.68400                   1
           91.811733             0.84998                   1
           93.796736             0.83292                   1
          103.776605             0.70080                   1
          121.731326             0.74563                   1
          123.726176             0.84675                   1
          155.645696             0.83040                   1
          163.630608             0.86928                   1
          167.615518             0.74828                   1
          191.535288             0.68391                   1
          193.535090             0.78006                   1
          195.520085             0.78703                   1
          197.505063             1.32196                   1
          215.469753             0.86884                   1
          225.439578             1.01878                   1
          249.374194             1.08358                   1
          257.344088             0.73743                   1
          263.313958             0.63942                   1
          287.263537             0.78523                   1
          289.248515             0.88022                   1
          331.147824             0.93185                   1
          335.122785             1.14082                   1
