           39.948003             0.52005                   1
           93.797135             0.50996                   1
           95.782108             0.51000                   1
          101.766961             0.52003                   1
          115.746765             0.50496                   1
          127.701575             0.52003                   1
          139.681420             0.51992                   1
          159.616110             0.51988                   1
          177.575761             0.50994                   1
          193.530567             0.50489                   1
          211.465206             0.51994                   1
          219.450094             0.50487                   1
          259.359478             0.50490                   1
          267.339265             0.51005                   1
          275.309110             0.52000                   1
          283.293997             0.50499                   1
          285.279028             0.50491                   1
          297.243772             0.51993                   1
          299.243671             0.50507                   1
          307.223656             0.50989                   1
          317.193400             0.51999                   1
          321.178378             0.50489                   1
          339.113070             0.50500                   1
