            8.030080             1.03365                   1
           14.000131             0.64745                   1
           21.985075             0.78236                   1
           35.949797             0.72921                   1
           37.934763             0.73619                   1
           71.879229             0.87890                   1
           97.838783             0.91868                   1
          107.793568             1.36366                   1
          111.778535             0.77058                   1
          117.763388             0.88155                   1
          131.713222             1.03540                   1
          159.622723             0.82120                   1
          163.617653             0.60219                   1
          167.592629             0.69909                   1
          179.557350             0.79807                   1
          189.527216             0.66797                   1
          205.492006             0.80675                   1
          209.476908             1.15777                   1
          257.346133             0.63141                   1
          265.315981             1.50129                   1
          303.215380             1.00895                   1
          313.170160             0.74194                   1
          337.104812             1.06265                   1
