           39.948003             0.73096                   1
           93.797135             0.70446                   1
           95.782108             1.15943                   1
          101.766961             0.91048                   1
          115.746765             1.34625                   1
          127.701575             1.15118                   1
          139.681420             0.80304                   1
          159.616110             1.16385                   1
          177.575761             1.21977                   1
          193.530567             1.19254                   1
          211.465206             1.02544                   1
          219.450094             1.31236                   1
          259.359478             1.03398                   1
          267.339265             1.02198                   1
          275.309110             1.08392                   1
          283.293997             0.65891                   1
          285.279028             0.63382                   1
          297.243772             1.36473                   1
          299.243671             0.58881                   1
          307.223656             0.97660                   1
          317.193400             0.83856                   1
          321.178378             1.22152                   1
          339.113070             1.07833                   1
