           31.972803            0.482390    1
          209.484793            1.513480    1
           69.877484            1.424700    1
          153.646132            1.513450    1
          195.515439            1.513450    1
          241.409676            1.048220    1
          113.763815            1.513480    1
          177.577781            1.513480    1
          181.547718            1.513480    1
          189.532664            1.513480    1
          203.487361            1.513480    1
          231.421898            1.513480    1
