           16.008034            0.520030                   1
           73.857072            0.510060                   1
           79.841986            0.519990                   1
           91.811733            0.520030                   1
           93.796736            0.520000                   1
          103.776605            0.519940                   1
          121.731326            0.514970                   1
          123.726176            0.510090                   1
          155.645696            0.519980                   1
          163.630608            0.520010                   1
          167.615518            0.520010                   1
          191.535288            0.519860                   1
          193.535090            0.504980                   1
          195.520085            0.504960                   1
          197.505063            0.509940                   1
          215.469753            0.520010                   1
          225.439578            0.504950                   1
          249.374194            0.504910                   1
          257.344088            0.520000                   1
          263.313958            0.519970                   1
          287.263537            0.519940                   1
          289.248515            0.519990                   1
          331.147824            0.509990                   1
          335.122785            0.519940                   1
            8.033542            0.504980                   1
           19.988363            0.520010                   1
           25.983206            0.505010                   1
           27.968188            0.505120                   1
           49.927903            0.509910                   1
           71.862524            0.510010                   1
           81.847314            0.520000                   1
          119.731702            0.520090                   1
          131.696531            0.504950                   1
          147.661303            0.505020                   1
          165.595984            0.519970                   1
          183.560673            0.519960                   1
          185.545598            0.519970                   1
          207.495239            0.519980                   1
          209.480169            0.520060                   1
          215.465134            0.504950                   1
          253.374461            0.520020                   1
          273.324140            0.520020                   1
          289.263890            0.515010                   1
          309.208589            0.509970                   1
          319.178392            0.520000                   1
          325.148320            0.504940                   1
           10.015191            0.520020                   1
           23.984980            0.505000                   1
           45.929714            0.509880                   1
           55.914501            0.519980                   1
           57.899358            0.520070                   1
           65.894298            0.504990                   1
          109.778530            0.520070                   1
          121.748331            0.505000                   1
          129.728225            0.520020                   1
          147.682928            0.504960                   1
          153.662784            0.520060                   1
          155.652818            0.514990                   1
          177.572545            0.519880                   1
          201.492025            0.520010                   1
          217.431810            0.509920                   1
          241.381338            0.520030                   1
          273.300786            0.515050                   1
          293.250504            0.519990                   1
          297.220426            0.520000                   1
          323.155059            0.504970                   1
          327.139965            0.504930                   1
          335.119811            0.509990                   1
           18.000409            0.520060                   1
           27.985268            0.505010                   1
           53.919833            0.505000                   1
           55.904699            0.505020                   1
           73.859498            0.520010                   1
           81.854354            0.505040                   1
          103.794018            0.519980                   1
          109.778883            0.520040                   1
          121.733751            0.504960                   1
          143.683381            0.519970                   1
          147.683269            0.505010                   1
          179.562706            0.505000                   1
          229.421912            0.520010                   1
          235.406825            0.504960                   1
          243.376683            0.519990                   1
          247.346665            0.509880                   1
          251.331528            0.520020                   1
          277.281067            0.510020                   1
          309.205638            0.519960                   1
          323.160377            0.504960                   1
          339.110065            0.520020                   1
          341.094988            0.520110                   1
