           20.010194             0.51479                   1
           31.975217             0.51478                   1
           35.953490             0.51529                   1
           47.933826             0.51481                   1
           59.898895             0.51468                   1
           63.876827             0.51472                   1
           69.835924             0.51476                   1
           89.756818             0.51502                   1
          101.737476             0.51487                   1
          123.639605             0.51482                   1
          167.521825             0.51486                   1
          191.436325             0.51491                   1
          197.395420             0.51483                   1
          203.385839             0.51475                   1
          209.360531             0.51471                   1
          215.335188             0.51484                   1
          256.081869             0.51509                   1
          264.068968             0.51477                   1
          266.065808             0.51479                   1
          284.005513             0.51478                   1
          301.930477             0.52952                   1
          313.910358             0.51474                   1
