            8.020352             0.84345                   1
           15.991686             0.82392                   1
           17.988451             0.65911                   1
           31.934711             0.55255                   1
           39.921789             0.56532                   1
           43.899699             0.59526                   1
           47.877584             0.64932                   1
           69.811014             0.63541                   1
           77.798111             0.56814                   1
           85.738350             0.59573                   1
          103.693693             0.64799                   1
          107.671617             0.67793                   1
          115.627522             1.07391                   1
          121.617892             0.58739                   1
          157.513017             0.74748                   1
          167.481238             0.77102                   1
          233.343664             0.83512                   1
          255.276848             1.11748                   1
          257.258073             0.92818                   1
          275.197900             1.01200                   1
          289.144106             0.67353                   1
          305.071495             0.69781                   1
          320.998855             0.89807                   1
          332.979525             0.66917                   1
