           19.855085             0.60023                   1
           80.756066             0.56938                   1
           86.731274             0.64196                   1
           98.711313             0.69357                   1
          100.692442             0.56840                   1
          110.660653             0.62388                   1
          129.848212             0.62766                   1
          131.829349             0.55847                   1
          163.746253             0.96859                   1
          171.718236             0.58036                   1
          175.711175             0.64328                   1
          199.625449             0.76026                   1
          201.606606             0.65106                   1
          203.587746             0.92586                   1
          205.568945             0.92059                   1
          223.539694             0.72531                   1
          235.099120             0.71753                   1
          272.959439             0.62404                   1
          340.818207             0.58718                   1
