           12.027633             0.51482                   1
           16.005564             0.51474                   1
           47.938032             0.51485                   1
           63.865759             0.51544                   1
           69.855564             0.51481                   1
           89.791902             0.51477                   1
           92.022733             0.51473                   1
          113.955777             0.51474                   1
          123.908382             0.51476                   1
          143.844720             0.51478                   1
          153.812889             0.51522                   1
          167.758916             0.51489                   1
          191.704452             0.51482                   1
          195.666790             0.51474                   1
          229.580461             0.51473                   1
          235.555103             0.51476                   1
          241.545404             0.51471                   1
          249.532404             0.51478                   1
          257.503837             0.51481                   1
          277.424599             0.51478                   1
          323.256352             0.51478                   1
          329.231020             0.51481                   1
          337.202424             0.51517                   1
