           39.951005             0.51482                   1
           87.810728             0.51483                   1
           94.003820             0.51479                   1
           95.985000             0.51474                   1
          101.975233             0.51478                   1
          127.901913             0.51475                   1
          139.866779             0.51483                   1
          159.787613             0.51478                   1
          177.742799             0.51478                   1
          193.685563             0.51482                   1
          211.625289             0.51466                   1
          219.596650             0.51476                   1
          259.484984             0.51488                   1
          267.471977             0.51478                   1
          275.443375             0.51484                   1
          283.414812             0.51479                   1
          285.396028             0.51475                   1
          297.360905             0.51478                   1
          299.342085             0.51476                   1
          307.329085             0.51481                   1
          317.297306             0.51475                   1
          339.199200             0.51476                   1
