           19.855085             0.51471                   1
           80.756066             0.51487                   1
           86.731274             0.52983                   1
           98.711313             0.51477                   1
          100.692442             0.51475                   1
          110.660653             0.51474                   1
          129.848212             0.51480                   1
          131.829349             0.51479                   1
          163.746253             0.51473                   1
          171.718236             0.52986                   1
          175.711175             0.51480                   1
          199.625449             0.51480                   1
          201.606606             0.51478                   1
          203.587746             0.51480                   1
          205.568945             0.51473                   1
          223.539694             0.51484                   1
          235.099120             0.51470                   1
          272.959439             0.51477                   1
          340.818207             0.51539                   1
