            8.020352             0.51502                   1
           15.991686             0.51479                   1
           17.988451             0.51480                   1
           31.934711             0.51472                   1
           39.921789             0.51477                   1
           43.899699             0.51481                   1
           47.877584             0.51485                   1
           69.811014             0.51475                   1
           77.798111             0.51467                   1
           85.738350             0.51476                   1
          103.693693             0.51484                   1
          107.671617             0.51482                   1
          115.627522             0.51488                   1
          121.617892             0.51469                   1
          157.513017             0.51487                   1
          167.481238             0.51481                   1
          233.343664             0.51475                   1
          255.276848             0.51493                   1
          257.258073             0.51480                   1
          275.197900             0.51478                   1
          289.144106             0.51483                   1
          305.071495             0.51480                   1
          320.998855             0.51475                   1
          332.979525             0.51474                   1
