            8.030652             0.51488                   1
           21.836182             0.51475                   1
           35.798768             0.52947                   1
           57.762191             0.51479                   1
           69.118724             0.51476                   1
           71.099859             0.51483                   1
           74.765865             0.51473                   1
          135.822922             0.51471                   1
          147.787758             0.51481                   1
          187.676117             0.51484                   1
          193.650804             0.51475                   1
          217.550028             0.52984                   1
          231.511195             0.51476                   1
          257.032149             0.51480                   1
          270.978282             0.51476                   1
          276.952935             0.51477                   1
          310.850909             0.51488                   1
          314.906970             0.51463                   1
          318.869194             0.51482                   1
          328.853042             0.51479                   1
          332.846512             0.51479                   1
