           20.010194             0.75731                   1
           31.975217             0.67203                   1
           35.953490             0.54967                   1
           47.933826             0.66508                   1
           59.898895             0.81975                   1
           63.876827             0.44969                   1
           69.835924             0.51489                   1
           89.756818             0.54516                   1
          101.737476             0.57222                   1
          123.639605             0.92563                   1
          167.521825             0.68244                   1
          191.436325             0.57539                   1
          197.395420             0.51497                   1
          203.385839             0.44169                   1
          209.360531             0.61886                   1
          215.335188             0.59606                   1
          256.081869             0.63247                   1
          264.068968             0.50120                   1
          266.065808             0.71235                   1
          284.005513             0.66022                   1
          301.930477             1.02285                   1
          313.910358             0.73071                   1
