           14.010488             0.49313                   1
           23.963065             0.75635                   1
           29.953494             0.63779                   1
           61.839518             0.83906                   1
           79.779253             0.84292                   1
           89.716237             0.62574                   1
          111.665208             0.58828                   1
          113.646377             0.53506                   1
          123.599079             0.64615                   1
          145.532352             0.64839                   1
          179.461929             1.01408                   1
          185.452256             0.66361                   1
          189.430196             0.74959                   1
          191.411360             0.89636                   1
          195.404934             0.61468                   1
          219.366265             0.65284                   1
          241.315106             0.49557                   1
          251.298964             0.75146                   1
          273.216722             0.86523                   1
          279.191381             0.56248                   1
          295.088565             0.65694                   1
          313.027590             0.51750                   1
