           67.829791             0.51480                   1
           83.757157             0.51483                   1
           99.700150             0.51477                   1
          125.580176             0.51487                   1
          129.573795             0.51475                   1
          137.546033             0.52970                   1
          149.525936             0.51473                   1
          165.484805             0.51542                   1
          207.385535             0.51478                   1
          235.324799             0.51476                   1
          281.172590             0.51487                   1
          285.150532             0.51475                   1
          291.125261             0.51481                   1
          293.106402             0.51478                   1
          299.081219             0.51472                   1
          309.049453             0.51480                   1
          315.024182             0.51474                   1
          322.995695             0.51477                   1
