            8.034364             0.51495                   1
           19.999094             0.51475                   1
           25.973685             0.51490                   1
           27.970483             0.51476                   1
           49.919197             0.51478                   1
           61.884126             0.51477                   1
           71.836698             0.51474                   1
           81.820512             0.51487                   1
          119.930471             0.51476                   1
          131.879757             0.51480                   1
          147.838158             0.51487                   1
          155.809630             0.51479                   1
          165.777825             0.51478                   1
          183.733037             0.51486                   1
          185.714205             0.51475                   1
          207.647291             0.51480                   1
          209.629051             0.52978                   1
          215.603157             0.51474                   1
          253.510264             0.51479                   1
          273.446725             0.51466                   1
          289.373907             0.51470                   1
          309.310227             0.51482                   1
          319.278421             0.51501                   1
          325.237520             0.51479                   1
