           12.027633             0.53991                   1
           16.005564             0.64987                   1
           47.938032             0.51504                   1
           63.865759             0.56420                   1
           69.855564             0.71018                   1
           89.791902             0.50924                   1
           92.022733             0.55038                   1
          113.955777             0.61662                   1
          123.908382             0.62374                   1
          143.844720             0.87877                   1
          153.812889             0.67827                   1
          167.758916             0.74784                   1
          191.704452             0.52155                   1
          195.666790             0.53509                   1
          229.580461             0.76433                   1
          235.555103             0.66155                   1
          241.545404             0.60706                   1
          249.532404             0.57979                   1
          257.503837             0.57612                   1
          277.424599             0.55079                   1
          323.256352             0.53361                   1
          329.231020             0.47076                   1
          337.202424             0.83504                   1
