           27.826487             0.68453                   1
           49.775199             0.73517                   1
           59.743310             0.67076                   1
           63.128544             0.68544                   1
          108.679444             0.65313                   1
          113.874220             0.75419                   1
          117.867715             0.55253                   1
          139.800765             0.66684                   1
          155.774863             0.74021                   1
          161.749449             0.90945                   1
          183.698194             0.72003                   1
          189.657221             1.07284                   1
          195.631898             1.15393                   1
          239.077004             0.82754                   1
          241.073747             0.55872                   1
          247.048455             0.87983                   1
          265.003620             0.74011                   1
          280.930880             0.68435                   1
          308.869827             0.69656                   1
          316.888077             0.87803                   1
          342.814677             0.66262                   1
