           39.951005             0.69566                   1
           87.810728             0.57049                   1
           94.003820             0.77724                   1
           95.985000             0.68399                   1
          101.975233             0.89353                   1
          127.901913             0.67006                   1
          139.866779             1.06481                   1
          159.787613             0.80735                   1
          177.742799             0.69162                   1
          193.685563             1.05235                   1
          211.625289             0.70409                   1
          219.596650             0.70049                   1
          259.484984             0.97890                   1
          267.471977             0.84766                   1
          275.443375             0.53207                   1
          283.414812             0.88831                   1
          285.396028             0.69103                   1
          297.360905             0.71780                   1
          299.342085             0.84857                   1
          307.329085             0.97330                   1
          317.297306             0.86080                   1
          339.199200             0.65426                   1
