           27.826487             0.51472                   1
           49.775199             0.51474                   1
           59.743310             0.51479                   1
           63.128544             0.51471                   1
          108.679444             0.51483                   1
          113.874220             0.51467                   1
          117.867715             0.51467                   1
          139.800765             0.51478                   1
          155.774863             0.51477                   1
          161.749449             0.51479                   1
          183.698194             0.51478                   1
          189.657221             0.51525                   1
          195.631898             0.51481                   1
          239.077004             0.51474                   1
          241.073747             0.51480                   1
          247.048455             0.51478                   1
          265.003620             0.51473                   1
          280.930880             0.51475                   1
          308.869827             0.51480                   1
          316.888077             0.51478                   1
          342.814677             0.51476                   1
