            8.030652             0.76902                   1
           21.836182             0.64300                   1
           35.798768             0.60800                   1
           57.762191             0.53993                   1
           69.118724             0.55908                   1
           71.099859             0.72187                   1
           74.765865             0.73573                   1
          135.822922             0.51499                   1
          147.787758             0.63156                   1
          187.676117             0.70198                   1
          193.650804             0.81510                   1
          217.550028             0.55514                   1
          231.511195             0.55354                   1
          257.032149             0.55183                   1
          270.978282             1.07720                   1
          276.952935             0.67841                   1
          310.850909             0.50744                   1
          314.906970             0.65123                   1
          318.869194             0.58491                   1
          328.853042             1.14465                   1
          332.846512             0.56716                   1
