file version= 2.0
gentask.....= PsychoPy
id..........=
operator....=
doctor......=
referral....=
institution.=
subject.....= P27C1BEH
age.........=
sex.........=
hand........=
medications.=
class.......=
state.......=
label.......=
date........= 2016_Feb_15_0913
time........=
education...=
occupation..=
  Trial  Resp  Type  Correct      Latency    Stim/Resp
  ----- ----- -----    -----        -----        -----
      1     1    19        1   737.214848         Stim
      2     1    18        1   517.253530         Stim
      3     6    28        1   625.217350         Stim
      4     6    28        1   581.285732         Stim
      5     6    26        1   507.638017         Stim
      6     1    15        1   535.676888         Stim
      7     6    17        0   403.627323         Stim
      8     6    26        1   612.835177         Stim
      9     1    15        1   560.404226         Stim
     10     1    15        1   609.601083         Stim
     11     6    25        1   522.377263         Stim
     12     1    17        1   628.186472         Stim
     13     6    26        1   673.066642         Stim
     14     6    25        1   701.066949         Stim
     15     1    17        1   732.268074         Stim
     16     1    18        1   786.698447         Stim
     17     6    26        1   678.700416         Stim
     18     6    27        1   786.632826         Stim
     19     6    28        1   880.992552         Stim
     20     1    18        1   997.052648         Stim
     21     6    26        1   470.166811         Stim
     22     1    15        1   553.761566         Stim
     23     6    25        1   474.992295         Stim
     24     1    15        1   662.558869         Stim
     25     6    15        0   924.948739         Stim
     26     1    17        1   739.313790         Stim
     27     1    16        1   479.248026         Stim
     28     6    25        1   769.642247         Stim
     29     1    27        0   890.884233         Stim
     30     1    16        1   667.582148         Stim
     31     1    15        1   631.687716         Stim
     32     1    17        1   579.642094         Stim
     33     6    26        1   603.156220         Stim
     34     6    27        1   820.389441         Stim
     35     6    26        1   714.386167         Stim
     36     1    17        1   742.332361         Stim
     37     6    26        1   634.329354         Stim
     38     1    15        1   632.749471         Stim
     39     1    17        1   817.947776         Stim
     40     6    28        1   663.908611         Stim
     41     6    28        1   699.848449         Stim
     42     1    16        1   631.881469         Stim
     43     0    25        0  1465.669000         Stim
     44     1    15        1   530.288804         Stim
     45     1    17        1   576.611395         Stim
     46     1    18        1   585.761962         Stim
     47     1    16        1   647.807493         Stim
     48     6    27        1  1182.181289         Stim
     49     1    18        1  1031.310597         Stim
     50     6    18        0  1349.326637         Stim
     51     6    28        1   682.044604         Stim
     52     6    26        1   590.109749         Stim
     53     1    15        1   636.555184         Stim
     54     6    25        1   650.893551         Stim
     55     1    15        1   812.073599         Stim
     56     6    25        1   988.837881         Stim
     57     1    17        1   760.425747         Stim
     58     1    18        1   614.800078         Stim
     59     6    26        1   743.957960         Stim
     60     1    15        1   560.778982         Stim
     61     6    27        1   732.272739         Stim
     62     1    18        1   623.496896         Stim
     63     6    26        1   608.797458         Stim
     64     1    15        1   598.699272         Stim
     65     6    27        1   842.747266         Stim
     66     1    18        1   635.888710         Stim
     67     6    28        1   788.576890         Stim
     68     6    28        1   880.250816         Stim
     69     6    26        1   724.230266         Stim
     70     6    27        1   973.781726         Stim
     71     1    16        1   548.146142         Stim
     72     6    27        1  1029.954012         Stim
     73     0    28        0  1465.669000         Stim
     74     0    28        0  1465.669000         Stim
     75     1    16        1   694.091208         Stim
     76     6    17        0   572.482241         Stim
     77     6    26        1  1309.681228         Stim
     78     1    15        1   619.609079         Stim
     79     0    27        0  1465.669000         Stim
     80     6    18        0   600.779554         Stim
     81     1    16        1   559.170176         Stim
     82     6    25        1   573.571676         Stim
     83     6    25        1   694.802777         Stim
     84     1    17        1   836.784765         Stim
     85     6    28        1   979.108231         Stim
     86     1    16        1   596.314520         Stim
     87     1    15        1   457.447513         Stim
     88     1    17        1   693.455523         Stim
     89     1    16        1   385.439392         Stim
     90     1    27        0   399.910867         Stim
     91     1    16        1   577.093756         Stim
     92     1    15        1   721.888432         Stim
     93     1    15        1   501.408055         Stim
     94     6    25        1   881.398407         Stim
     95     1    15        1   655.753245         Stim
     96     1    17        1   870.164759         Stim
     97     1    16        1   583.377521         Stim
     98     1    15        1   707.001150         Stim
     99     1    15        1   708.069747         Stim
    100     1    17        1   736.033979         Stim
    101     6    28        1  1118.477503         Stim
    102     1    16        1  1034.402252         Stim
    103     1    17        1   638.501736         Stim
    104     6    26        1   658.438112         Stim
    105     6    25        1   640.800652         Stim
    106     0    27        0  1465.669000         Stim
    107     0    28        0  1465.669000         Stim
    108     1    18        1   577.136985         Stim
    109     1    18        1   767.201515         Stim
    110     6    26        1   627.127204         Stim
    111     1    17        1   617.522576         Stim
    112     0    28        0  1465.669000         Stim
    113     0    26        0  1465.669000         Stim
    114     1    15        1   499.132153         Stim
    115     6    27        1   745.040553         Stim
    116     0    18        0  1465.669000         Stim
    117     0    28        0  1465.669000         Stim
    118     6    28        1   620.191583         Stim
    119     1    16        1   583.804525         Stim
    120     1    15        1   691.857914         Stim
    121     0    27        0  1465.669000         Stim
    122     6    28        1   645.711661         Stim
    123     6    26        1   868.134548         Stim
    124     6    27        1   992.108674         Stim
    125     0    26        0  1465.669000         Stim
    126     0    25        0  1465.669000         Stim
    127     0    27        0  1465.669000         Stim
    128     1    16        1   490.365360         Stim
    129     6    27        1   966.394842         Stim
    130     1    18        1   956.830333         Stim
    131     1    16        1   771.149355         Stim
    132     0    25        0  1465.669000         Stim
    133     6    27        1   717.512655         Stim
    134     6    26        1   740.017273         Stim
    135     6    25        1   565.030669         Stim
    136     1    17        1   869.893566         Stim
    137     0    26        0  1465.669000         Stim
    138     6    25        1  1253.835802         Stim
    139     0    27        0  1465.669000         Stim
    140     6    28        1   646.881956         Stim
    141     1    18        1   667.433801         Stim
    142     0    26        0  1465.669000         Stim
    143     0    27        0  1465.669000         Stim
    144     6    26        1   808.961728         Stim
    145     6    27        1   850.189197         Stim
    146     1    18        1   597.754141         Stim
    147     6    26        1  1145.713371         Stim
    148     0    25        0  1465.669000         Stim
    149     0    17        0  1465.669000         Stim
    150     1    18        1   612.470995         Stim
    151     6    28        1   656.045585         Stim
    152     1    16        1   564.088649         Stim
    153     1    17        1   674.488536         Stim
    154     1    18        1   699.608979         Stim
    155     1    16        1   564.385032         Stim
    156     1    17        1   765.209557         Stim
