           67.829791             0.82465                   1
           83.757157             0.64097                   1
           99.700150             1.16162                   1
          125.580176             0.61701                   1
          129.573795             0.77529                   1
          137.546033             0.89087                   1
          149.525936             0.67073                   1
          165.484805             0.85548                   1
          207.385535             0.77785                   1
          235.324799             0.63001                   1
          281.172590             0.68521                   1
          285.150532             1.09913                   1
          291.125261             0.90027                   1
          293.106402             0.99108                   1
          299.081219             0.74420                   1
          309.049453             0.64776                   1
          315.024182             0.64091                   1
          322.995695             0.54919                   1
