            8.034364             0.67733                   1
           19.999094             0.41619                   1
           25.973685             0.61748                   1
           27.970483             0.70858                   1
           49.919197             0.87918                   1
           61.884126             0.63391                   1
           71.836698             0.62498                   1
           81.820512             0.68887                   1
          119.930471             0.60176                   1
          131.879757             0.46007                   1
          147.838158             0.50120                   1
          155.809630             1.26547                   1
          165.777825             0.56099                   1
          183.733037             0.62921                   1
          185.714205             0.53596                   1
          207.647291             0.71418                   1
          209.629051             0.80435                   1
          215.603157             0.72608                   1
          253.510264             0.60981                   1
          273.446725             0.54476                   1
          289.373907             0.58511                   1
          309.310227             1.15211                   1
          319.278421             0.57565                   1
          325.237520             0.61640                   1
