           14.010488             0.51482                   1
           23.963065             0.51488                   1
           29.953494             0.51479                   1
           61.839518             0.51475                   1
           79.779253             0.51478                   1
           89.716237             0.51483                   1
          111.665208             0.51477                   1
          113.646377             0.51481                   1
          123.599079             0.51476                   1
          145.532352             0.51479                   1
          179.461929             0.51477                   1
          185.452256             0.51485                   1
          189.430196             0.51478                   1
          191.411360             0.51479                   1
          195.404934             0.51471                   1
          219.366265             0.51473                   1
          241.315106             0.51484                   1
          251.298964             0.51481                   1
          273.216722             0.51477                   1
          279.191381             0.51490                   1
          295.088565             0.52943                   1
          313.027590             0.51539                   1
