           16.016631             0.51481                   1
           65.858034             0.51471                   1
           71.817098             0.51526                   1
           75.795020             0.51483                   1
           87.775678             0.51484                   1
           97.743956             0.51478                   1
          117.665505             0.51531                   1
          137.617049             0.51486                   1
          145.604189             0.51466                   1
          147.585316             0.51477                   1
          153.559986             0.51498                   1
          163.529386             0.52928                   1
          173.496567             0.51481                   1
          195.414309             0.51479                   1
          207.363692             0.51480                   1
          217.331968             0.51478                   1
          229.297040             0.51480                   1
          240.138893             0.51472                   1
          250.122774             0.51480                   1
          272.024894             0.51473                   1
          280.012003             0.51475                   1
          287.983465             0.51482                   1
          295.954934             0.51480                   1
          315.891528             0.51480                   1
