            8.029759             0.67401                   1
           29.994065             0.57325                   1
           45.952642             0.69425                   1
           49.914984             0.59589                   1
           61.880067             0.64654                   1
           73.813881             0.56049                   1
          103.718660             1.18304                   1
          107.696617             0.49294                   1
          115.683761             0.59362                   1
          119.661704             0.76762                   1
          135.620341             1.06463                   1
          155.556789             0.68775                   1
          171.499743             0.68844                   1
          177.474519             0.62552                   1
          189.439552             0.94822                   1
          225.303474             0.54764                   1
          234.148642             0.77419                   1
          268.046934             0.61915                   1
          293.973823             0.84370                   1
          307.920006             0.63320                   1
          321.881817             0.70308                   1
          325.859769             0.57304                   1
          337.840432             0.84014                   1
