           16.016631             0.77496                   1
           65.858034             0.60450                   1
           71.817098             0.65327                   1
           75.795020             0.56325                   1
           87.775678             0.92636                   1
           97.743956             0.82188                   1
          117.665505             0.65985                   1
          137.617049             0.98788                   1
          145.604189             0.80057                   1
          147.585316             0.95538                   1
          153.559986             0.70854                   1
          163.529386             0.71496                   1
          173.496567             0.88361                   1
          195.414309             0.94934                   1
          207.363692             0.74368                   1
          217.331968             0.61524                   1
          229.297040             0.81783                   1
          240.138893             0.55180                   1
          250.122774             1.47169                   1
          272.024894             0.53711                   1
          280.012003             0.79783                   1
          287.983465             0.67414                   1
          295.954934             0.63852                   1
          315.891528             0.66148                   1
