            8.029759             0.51483                   1
           29.994065             0.51482                   1
           45.952642             0.51480                   1
           49.914984             0.51479                   1
           61.880067             0.51469                   1
           73.813881             0.51478                   1
          103.718660             0.51485                   1
          107.696617             0.51481                   1
          115.683761             0.51474                   1
          119.661704             0.51475                   1
          135.620341             0.51522                   1
          155.556789             0.51484                   1
          171.499743             0.51483                   1
          177.474519             0.51479                   1
          189.439552             0.51471                   1
          225.303474             0.51485                   1
          234.148642             0.51468                   1
          268.046934             0.51487                   1
          293.973823             0.51479                   1
          307.920006             0.51478                   1
          321.881817             0.51480                   1
          325.859769             0.51484                   1
          337.840432             0.51475                   1
