            8.040888             0.51479                   1
           12.003670             0.51484                   1
           31.955148             0.51477                   1
           45.901280             0.51474                   1
           57.866204             0.51475                   1
           69.862313             0.51478                   1
           87.770701             0.51473                   1
          105.679143             0.51479                   1
          111.638122             0.51486                   1
          113.634950             0.51481                   1
          119.593998             0.51479                   1
          123.587541             0.51481                   1
          139.733236             0.51470                   1
          149.716942             0.51483                   1
          159.685143             0.51481                   1
          183.600254             0.52956                   1
          205.516909             0.51470                   1
          213.503945             0.51483                   1
          227.465595             0.51484                   1
          255.388975             0.51481                   1
          293.280574             0.51474                   1
          299.255289             0.51469                   1
          303.233119             0.51506                   1
