            8.026777             0.72491                   1
           10.022021             0.59364                   1
           41.923225             1.09946                   1
           47.913494             0.62098                   1
           57.866053             0.54013                   1
           85.773823             0.55943                   1
           93.838947             0.67008                   1
           95.820008             0.72096                   1
          117.768746             0.67555                   1
          139.701856             0.70179                   1
          165.644088             0.71073                   1
          177.593430             0.56102                   1
          203.535635             0.89001                   1
          217.482603             0.59857                   1
          227.465541             0.67133                   1
          241.395999             0.57253                   1
          267.338220             0.51490                   1
          273.328501             0.67098                   1
          285.277838             0.83327                   1
          295.261592             0.75315                   1
          309.208133             0.54229                   1
          319.191472             0.69462                   1
          331.125235             0.58450                   1
          339.096678             0.68478                   1
