            8.040888             0.74284                   1
           12.003670             0.48391                   1
           31.955148             0.64384                   1
           45.901280             0.52120                   1
           57.866204             0.79593                   1
           69.862313             0.82347                   1
           87.770701             0.70652                   1
          105.679143             0.70951                   1
          111.638122             0.68632                   1
          113.634950             0.73743                   1
          119.593998             0.71424                   1
          123.587541             0.49656                   1
          139.733236             0.98239                   1
          149.716942             0.71837                   1
          159.685143             0.56585                   1
          183.600254             0.91402                   1
          205.516909             0.58066                   1
          213.503945             0.84136                   1
          227.465595             0.58328                   1
          255.388975             0.69103                   1
          293.280574             0.74223                   1
          299.255289             0.79136                   1
          303.233119             0.74943                   1
