           19.974582             0.51477                   1
           23.968128             0.51479                   1
           47.882413             0.51474                   1
           71.843386             0.51492                   1
           89.751912             0.51475                   1
           91.733015             0.51484                   1
           95.710945             0.51480                   1
          101.685610             0.51473                   1
          125.771535             0.51470                   1
          157.703897             0.51487                   1
          177.640289             0.51479                   1
          189.589639             0.51485                   1
          197.561075             0.51475                   1
          199.542139             0.51488                   1
          203.535785             0.51479                   1
          219.478581             0.51474                   1
          243.424045             0.51475                   1
          259.382508             0.51485                   1
          281.315624             0.51480                   1
          297.274077             0.51478                   1
          307.226633             0.51478                   1
          313.202220             0.52943                   1
          329.175331             0.51480                   1
