           25.964921             0.69021                   1
           29.958308             0.69671                   1
           31.939430             0.89953                   1
           49.894649             0.63172                   1
           59.847250             0.52686                   1
           89.736120             0.58105                   1
          111.778494             0.59398                   1
          125.755769             0.88025                   1
          129.733678             0.83827                   1
          135.723942             0.63985                   1
          151.682336             0.64092                   1
          153.679185             0.74804                   1
          157.657067             0.64198                   1
          167.625239             1.10549                   1
          187.561532             0.60861                   1
          239.414840             0.80169                   1
          251.364162             0.92396                   1
          277.290866             0.58049                   1
          305.229776             0.78469                   1
          313.201211             0.54104                   1
          323.169390             0.74056                   1
          337.115459             0.75408                   1
