           10.017292             0.51475                   1
           23.979015             0.51476                   1
           45.912052             0.51479                   1
           55.895858             0.51477                   1
           57.892609             0.51482                   1
           65.864158             0.51530                   1
          105.783593             0.51477                   1
          109.745874             0.51480                   1
          121.710809             0.51480                   1
          129.682218             0.51482                   1
          147.621818             0.51479                   1
          153.612091             0.51479                   1
          155.593236             0.51481                   1
          177.510815             0.51475                   1
          201.409427             0.51482                   1
          217.336723             0.51478                   1
          241.282153             0.51478                   1
          273.183406             0.51482                   1
          293.135420             0.51472                   1
          297.097729             0.51479                   1
          307.065952             0.51474                   1
          323.008781             0.51474                   1
          326.986637             0.51478                   1
          334.973691             0.51476                   1
