           19.974582             0.74469                   1
           23.968128             0.63105                   1
           47.882413             0.68407                   1
           71.843386             0.79435                   1
           89.751912             0.86123                   1
           91.733015             1.05609                   1
           95.710945             0.67802                   1
          101.685610             1.03118                   1
          125.771535             0.68851                   1
          157.703897             0.92315                   1
          177.640289             0.80216                   1
          189.589639             0.86038                   1
          197.561075             0.62473                   1
          199.542139             0.64362                   1
          203.535785             0.64986                   1
          219.478581             1.09060                   1
          243.424045             1.01632                   1
          259.382508             0.73739                   1
          281.315624             1.33157                   1
          297.274077             0.86863                   1
          307.226633             0.88377                   1
          313.202220             0.75603                   1
          329.175331             0.87841                   1
