           25.964921             0.51480                   1
           29.958308             0.51479                   1
           31.939430             0.51481                   1
           49.894649             0.51478                   1
           59.847250             0.51475                   1
           89.736120             0.51480                   1
          111.778494             0.51477                   1
          125.755769             0.51476                   1
          129.733678             0.51480                   1
          135.723942             0.51485                   1
          151.682336             0.51480                   1
          153.679185             0.51474                   1
          157.657067             0.51477                   1
          167.625239             0.51480                   1
          187.561532             0.51476                   1
          239.414840             0.51478                   1
          251.364162             0.51476                   1
          277.290866             0.51474                   1
          305.229776             0.51482                   1
          313.201211             0.51482                   1
          323.169390             0.51478                   1
          337.115459             0.51483                   1
