           10.022077             0.50554                   1
           13.999978             0.51950                   1
           37.929781             0.66100                   1
           73.824638             0.69302                   1
           79.814905             0.84655                   1
           83.792823             1.40451                   1
           85.773915             0.71139                   1
           93.714156             0.75486                   1
          115.616117             0.98027                   1
          127.753235             0.62676                   1
          137.751978             0.74772                   1
          169.653308             1.12533                   1
          181.618211             0.82409                   1
          193.583163             0.72274                   1
          233.455925             0.81678                   1
          241.442880             0.58156                   1
          249.414341             0.78582                   1
          261.363693             0.73216                   1
          267.353916             1.00573                   1
          277.337690             0.70166                   1
          289.302578             0.88834                   1
          317.194867             0.61126                   1
          341.156746             0.76067                   1
