            8.026777             0.51417                   1
           10.022021             0.51468                   1
           41.923225             0.51477                   1
           47.913494             0.51478                   1
           57.866053             0.51483                   1
           85.773823             0.51473                   1
           93.838947             0.51470                   1
           95.820008             0.51477                   1
          117.768746             0.51480                   1
          139.701856             0.51480                   1
          165.644088             0.51476                   1
          177.593430             0.51471                   1
          203.535635             0.51479                   1
          217.482603             0.52949                   1
          227.465541             0.51474                   1
          241.395999             0.51480                   1
          267.338220             0.51474                   1
          273.328501             0.51476                   1
          285.277838             0.51477                   1
          295.261592             0.51479                   1
          309.208133             0.52993                   1
          319.191472             0.51480                   1
          331.125235             0.51474                   1
          339.096678             0.51467                   1
