           13.999807             0.51478                   1
           15.980945             0.51480                   1
           51.875790             0.51478                   1
           67.834253             0.51483                   1
           75.821268             0.51475                   1
           83.792743             0.51471                   1
           87.755007             0.51484                   1
          107.800570             0.51476                   1
          173.615454             0.51482                   1
          179.574534             0.51528                   1
          199.557713             0.51481                   1
          213.503788             0.51484                   1
          225.468732             0.51476                   1
          229.446673             0.51480                   1
          237.433723             0.51474                   1
          245.389522             0.51478                   1
          301.251881             0.51476                   1
          327.132519             0.52953                   1
          341.077816             0.51477                   1
