           10.017292             0.70229                   1
           23.979015             0.60416                   1
           45.912052             0.50242                   1
           55.895858             0.75833                   1
           57.892609             0.73755                   1
           65.864158             0.61373                   1
          105.783593             0.94909                   1
          109.745874             0.83468                   1
          121.710809             0.86136                   1
          129.682218             1.43366                   1
          147.621818             0.99752                   1
          153.612091             1.15105                   1
          155.593236             0.64988                   1
          177.510815             0.76358                   1
          201.409427             0.83223                   1
          217.336723             0.72847                   1
          241.282153             0.79027                   1
          273.183406             0.92804                   1
          293.135420             0.96743                   1
          297.097729             0.87703                   1
          307.065952             0.90848                   1
          323.008781             0.72518                   1
          326.986637             1.08314                   1
          334.973691             0.73588                   1
