           10.022077             0.51469                   1
           13.999978             0.51478                   1
           37.929781             0.51482                   1
           73.824638             0.51485                   1
           79.814905             0.51481                   1
           83.792823             0.51473                   1
           85.773915             0.51502                   1
           93.714156             0.51480                   1
          115.616117             0.51473                   1
          127.753235             0.52973                   1
          137.751978             0.51483                   1
          169.653308             0.51474                   1
          181.618211             0.51479                   1
          193.583163             0.51478                   1
          233.455925             0.51471                   1
          241.442880             0.51480                   1
          249.414341             0.51484                   1
          261.363693             0.51474                   1
          267.353916             0.51482                   1
          277.337690             0.51503                   1
          289.302578             0.51483                   1
          317.194867             0.51467                   1
          341.156746             0.52953                   1
