           13.999807             0.90369                   1
           15.980945             0.54651                   1
           51.875790             0.56256                   1
           67.834253             0.84360                   1
           75.821268             0.79230                   1
           83.792743             0.74861                   1
           87.755007             0.62618                   1
          107.800570             0.54803                   1
          173.615454             0.73107                   1
          179.574534             0.87583                   1
          199.557713             1.06005                   1
          213.503788             0.84952                   1
          225.468732             0.97225                   1
          229.446673             1.00215                   1
          237.433723             1.05483                   1
          245.389522             0.83489                   1
          301.251881             0.85874                   1
          327.132519             0.78528                   1
          341.077816             0.69558                   1
