file version= 2.0
gentask.....= PsychoPy
id..........=
operator....=
doctor......=
referral....=
institution.=
subject.....= P28C2BOLa
age.........=
sex.........=
hand........=
medications.=
class.......=
state.......=
label.......=
date........= 2016_Feb_15_1518
time........=
education...=
occupation..=
  Trial  Resp  Type  Correct      Latency    Stim/Resp
  ----- ----- -----    -----        -----        -----
      1     6   124        1   871.154355         Stim
      2     6   342        1   929.058994         Stim
      3     1   285        1   779.044222         Stim
      4     1   161        1   677.017407         Stim
      5     6   242        1   663.028435         Stim
      6     6   265        1   617.016598         Stim
      7     1   161        1  1004.820566         Stim
      8     1   241        1  1003.783989         Stim
      9     1   165        1  1055.754978         Stim
     10     1   241        1   867.639384         Stim
     11     6   161        1  1389.815232         Stim
     12     6   241        1   637.544746         Stim
     13     1   362        1  1103.612004         Stim
     14     1   281        1   745.645785         Stim
     15     6   361        1   604.528844         Stim
     16     6   181        1   691.565875         Stim
     17     6   346        1   725.558641         Stim
     18     6   381        1   801.406361         Stim
     19     1   284        1   811.425986         Stim
     20     6   362        1   797.359574         Stim
     21     6   281        1   695.282065         Stim
     22     1   162        1   711.220723         Stim
     23     6   144        1   731.222651         Stim
     24     1   141        1  1189.202554         Stim
     25     1   341        1  1103.091693         Stim
     26     1   182        1   630.111122         Stim
     27     6   246        1   721.977116         Stim
     28     1   161        1   990.078964         Stim
     29     1   344        1   604.973580         Stim
     30     1   381        1   753.863761         Stim
     31     6   383        1   952.955318         Stim
     32     6   381        1  1276.821474         Stim
     33     1   184        1  1115.798706         Stim
     34     6   342        1  1056.761077         Stim
     35     1   282        1   665.752521         Stim
     36     6   161        1   812.591008         Stim
     37     1   342        1   899.577345         Stim
     38     6   183        1   853.545604         Stim
     39     6   243        1   633.607432         Stim
     40     6   161        1   699.465073         Stim
     41     0   242        0  1513.481000         Stim
     42     1   361        1   780.432234         Stim
     43     1   283        1   688.266742         Stim
     44     1   262        1   834.360373         Stim
     45     6   361        1   843.339688         Stim
     46     0   283        0  1513.481000         Stim
     47     6   261        1   678.243697         Stim
     48     1   364        1   799.112705         Stim
     49     6   182        1  1044.143323         Stim
     50     1   341        1   979.121040         Stim
     51     6   281        1   846.956046         Stim
     52     0   163        0  1513.481000         Stim
     53     6   345        1   930.057629         Stim
     54     1   381        1  1171.884593         Stim
     55     1   182        1  1013.905934         Stim
     56     6   244        1  1113.757896         Stim
     57     6   261        1  1195.730533         Stim
     58     6   261        1  1053.732207         Stim
     59     1   162        1   999.571747         Stim
     60     6   344        1   953.637972         Stim
     61     1   382        1   963.661951         Stim
     62     1   282        1  1213.493231         Stim
     63     1   363        1   943.595645         Stim
     64     6   181        1   704.548126         Stim
     65     6   343        1   850.426231         Stim
     66     1   283        1   860.378368         Stim
     67     1   163        1   734.357885         Stim
     68     6   241        1   800.255957         Stim
     69     1   363        1   938.249792         Stim
     70     6   182        1   708.237259         Stim
     71     1   146        1   542.243398         Stim
     72     6   143        1  1018.208989         Stim
      1     0   123        0  1513.482000         Stim
      2     1   241        1   749.459941         Stim
      3     1   161        1  1108.521517         Stim
      4     1   143        1   683.417253         Stim
      5     6   243        1   955.425003         Stim
      6     1   261        1   546.330616         Stim
      7     6   164        1   849.272406         Stim
      8     6   142        1  1285.293541         Stim
      9     1   141        1  1012.260410         Stim
     10     1   341        1   964.097668         Stim
     11     1   185        1   645.209757         Stim
     12     6   342        1   970.107203         Stim
     13     6   283        1   841.098591         Stim
     14     1   361        1  1085.031676         Stim
     15     6   184        1   910.960101         Stim
     16     1   141        1   611.860770         Stim
     17     6   241        1   962.927981         Stim
     18     1   361        0   737.873477         Stim
     19     1   381        1   648.836378         Stim
     20     6   182        1   879.852522         Stim
     21     6   245        1   894.893932         Stim
     22     1   362        1  1165.790464         Stim
     23     6   182        1   770.682250         Stim
     24     1   142        0   897.645387         Stim
     25     0   241        0  1513.482000         Stim
     26     6   261       -1     8.728957         Stim
     27     1   163        1   679.569819         Stim
     28     1   141        1   894.572665         Stim
     29     1   241        1  1261.559873         Stim
     30     6   362        1   941.530265         Stim
     31     1   384        1   780.447784         Stim
     32     1   384        1   675.441548         Stim
     33     6   282        1   879.381350         Stim
     34     0   364        0  1513.482000         Stim
     35     6   184        1   894.199770         Stim
     36     1   341        1  1450.201375         Stim
     37     1   186        1   617.186718         Stim
     38     6   243        1   760.058344         Stim
     39     6   262        1   668.983856         Stim
     40     1   261        1   715.950787         Stim
     41     1   262        1  1074.954205         Stim
     42     6   266        1   641.914667         Stim
     43     1   366        1   790.811379         Stim
     44     0   283        0  1513.482000         Stim
     45     1   264        1   825.690507         Stim
     46     6   161        1   928.610837         Stim
     47     6   343        1   749.603314         Stim
     48     1   285        1   684.599380         Stim
     49     6   262        1   867.505964         Stim
     50     6   161        1   682.440699         Stim
     51     1   141        1   841.223926         Stim
     52     6   244        1   817.320760         Stim
     53     6   363        1   813.345815         Stim
     54     1   281        1   860.262363         Stim
     55     1   162        1  1251.339340         Stim
     56     1   241        1   674.239828         Stim
     57     1   362        1   618.201214         Stim
     58     1   382        0   169.186942         Stim
     59     6   181        1  1040.116129         Stim
     60     6   341        1   855.083209         Stim
     61     6   381        1   678.074199         Stim
     62     1   282        1   653.131346         Stim
     63     6   363        1   691.986975         Stim
     64     1   182        1  1316.068035         Stim
     65     1   342        1   554.974669         Stim
     66     6   281        1   777.826640         Stim
     67     6   363        1  1064.911566         Stim
     68     6   181        1   775.824084         Stim
     69     6   345        1   854.894741         Stim
     70     0   183        0  1513.482000         Stim
     71     1   341        1  1258.652294         Stim
     72     6   381        1  1265.701206         Stim
