            8.029795             0.91399                   1
           19.994749             0.64467                   1
           25.969373             0.51789                   1
           27.966120             1.36110                   1
           49.914962             0.97965                   1
           61.879939             0.86236                   1
           71.832510             0.62144                   1
           81.816321             0.63734                   1
          119.676832             0.81580                   1
          131.641747             0.81853                   1
          147.584688             0.94715                   1
          155.556078             0.88758                   1
          165.524296             1.00707                   1
          183.479591             0.69127                   1
          185.460714             0.73408                   1
          207.409499             1.16866                   1
          209.390748             0.53947                   1
          253.272649             0.60033                   1
          273.209091             0.79926                   1
          289.121397             0.79060                   1
          309.072815             0.75857                   1
          319.041049             0.93410                   1
          324.984469             0.57451                   1
