           16.017805             0.51477                   1
           65.858819             0.51476                   1
           87.776466             0.51476                   1
          117.665433             0.51472                   1
          137.617451             0.51480                   1
          147.585662             0.51479                   1
          163.528545             0.51478                   1
          173.481095             0.51504                   1
          195.414360             0.51482                   1
          207.363758             0.51476                   1
          217.316340             0.51477                   1
          229.296939             0.51475                   1
          249.233372             0.51470                   1
          295.065310             0.51475                   1
