file version= 2.0
gentask.....= PsychoPy
id..........=
operator....=
doctor......=
referral....=
institution.=
subject.....= P32E2BEH
age.........=
sex.........=
hand........=
medications.=
class.......=
state.......=
label.......=
date........= 2016_Feb_18_1642
time........=
education...=
occupation..=
  Trial  Resp  Type  Correct      Latency    Stim/Resp
  ----- ----- -----    -----        -----        -----
      1     6    24        1  1278.509270         Stim
      2     6    25        1   551.753597         Stim
      3     6    25        1   525.795239         Stim
      4     1    27        0   702.949445         Stim
      5     1    18        1   615.766717         Stim
      6     6    28        1   579.360886         Stim
      7     6    26        1   551.315396         Stim
      8     6    27        1   739.345634         Stim
      9     1    16        1   551.376042         Stim
     10     6    27        1   461.684465         Stim
     11     1    16        1   540.141114         Stim
     12     6    17        0   477.302958         Stim
     13     1    16        1   672.843570         Stim
     14     1    15        1   554.102902         Stim
     15     1    15        1   519.988530         Stim
     16     1    15        1   489.143095         Stim
     17     6    27        1   809.997391         Stim
     18     0    28        0  1465.672000         Stim
     19     0    28        0  1465.672000         Stim
     20     6    26        1   781.504681         Stim
     21     1    17        1   785.449424         Stim
     22     1    16        1   607.917351         Stim
     23     0    27        0  1465.672000         Stim
     24     1    18        1   721.856467         Stim
     25     1    18        1   434.678342         Stim
     26     6    28        1   803.433705         Stim
     27     6    28        1   753.410053         Stim
     28     6    26        1   565.414647         Stim
     29     1    17        1   787.800284         Stim
     30     1    16        1   642.199042         Stim
     31     1    17        1   582.197841         Stim
     32     1    18        1   423.356956         Stim
     33     1    18        1   624.140120         Stim
     34     6    26        1   542.143963         Stim
     35     6    27        1   583.254624         Stim
     36     1    18        1   576.149174         Stim
     37     1    16        1   696.888026         Stim
     38     6    27        1   652.467688         Stim
     39     6    26        1   525.680168         Stim
     40     6    27        1   777.115828         Stim
     41     6    28        1   541.203806         Stim
     42     6    28        1   675.590024         Stim
     43     1    18        1   716.835971         Stim
     44     6    26        1   544.396547         Stim
     45     1    15        1   662.732291         Stim
     46     1    15        1   410.742426         Stim
     47     6    27        1   614.730771         Stim
     48     1    16        1   575.854033         Stim
     49     1    15        1   840.680795         Stim
     50     6    27        1   721.408314         Stim
     51     6    26        1   514.275744         Stim
     52     6    27        1   557.840207         Stim
     53     6    26        1  1049.820568         Stim
     54     1    17        1   946.914850         Stim
     55     1    18        1   584.892669         Stim
     56     6    26        1   644.999299         Stim
     57     6    27        1   552.984230         Stim
     58     6    18        0   423.319636         Stim
     59     6    26        1   629.681855         Stim
     60     6    25        1   428.047791         Stim
     61     6    25        1   541.265695         Stim
     62     1    15        1   942.149375         Stim
     63     1    17        1   582.865250         Stim
     64     1    18        1   687.603078         Stim
     65     6    26        1   563.260651         Stim
     66     6    25        1   612.429049         Stim
     67     1    15        1   573.176000         Stim
     68     1    17        1   587.189104         Stim
     69     1    18        1   596.361159         Stim
     70     6    28        1   741.153486         Stim
     71     1    18        1   693.898369         Stim
     72     1    16        1   614.723307         Stim
     73     1    15        1   812.683510         Stim
     74     6    27        1   680.681740         Stim
     75     6    26        1   647.124061         Stim
     76     6    25        1   589.413386         Stim
     77     6    27        1   561.455288         Stim
     78     1    16        1   645.451806         Stim
     79     6    27        1   747.829132         Stim
     80     1    18        1   719.888761         Stim
     81     1    18        1  1230.128018         Stim
     82     1    18        1   767.372775         Stim
     83     1    18        1   546.923745         Stim
     84     1    16        1   532.116654         Stim
     85     1    15        1   511.672662         Stim
     86     1    15        1   520.870841         Stim
     87     6    25        1   785.703512         Stim
     88     6    25        1   538.446467         Stim
     89     6    27        1   598.010710         Stim
     90     6    16        0   490.045310         Stim
     91     1    15        1   670.031184         Stim
     92     1    15        1   556.368548         Stim
     93     6    25        1   594.759190         Stim
     94     6    25        1   542.770631         Stim
     95     6    27        1   773.115417         Stim
     96     1    16        1   619.546628         Stim
     97     1    17        1   703.494008         Stim
     98     6    28        1   869.889430         Stim
     99     0    26        0  1465.672000         Stim
    100     6    25        1   549.132166         Stim
    101     6    25        1   654.223913         Stim
    102     6    27        1   948.156057         Stim
    103     1    16        1   690.649648         Stim
    104     1    15        1   502.530463         Stim
    105     1    17        1   583.777106         Stim
    106     6    26        1   651.353681         Stim
    107     6    25        1   695.381224         Stim
    108     1    15        1   837.770443         Stim
    109     1    17        1   769.730166         Stim
    110     6    26        1   728.120348         Stim
    111     6    27        1  1102.493641         Stim
    112     6    26        1  1124.877038         Stim
    113     6    27        1   630.136850         Stim
    114     1    18        1   633.675736         Stim
    115     1    18        1   597.644351         Stim
    116     1    16        1   220.035398         Stim
    117     1    17        1   418.402703         Stim
    118     6    26        1   494.384091         Stim
    119     6    27        1   658.405017         Stim
    120     6    28        1   747.592771         Stim
    121     6    28        1   681.600127         Stim
    122     1    16        1   682.710092         Stim
    123     6    27        1   686.349431         Stim
    124     6    26        1   959.487084         Stim
    125     6    25        1   611.084590         Stim
    126     6    25        1  1188.288058         Stim
    127     1    15        1  1186.244157         Stim
    128     1    17        1   755.466706         Stim
    129     6    28        1   809.404622         Stim
    130     6    26        1   639.855646         Stim
    131     6    17        0   432.978719         Stim
    132     6    26        1   740.550454         Stim
    133     1    15        1   776.547318         Stim
    134     1    17        1   569.708956         Stim
    135     1    18        1  1215.688531         Stim
    136     1    16        1   934.084485         Stim
    137     1    17        1   618.085854         Stim
    138     6    28        1   763.219661         Stim
    139     6    26        1   137.295637         Stim
    140     6    27        1   853.614412         Stim
    141     6    28        1   771.996122         Stim
    142     1    18        1   818.347469         Stim
    143     6    26        1   723.505397         Stim
    144     6    25        1   913.564298         Stim
    145     0    15        0  1465.672000         Stim
    146     1    17       -1   118.326103         Stim
    147     1    16        1   669.132079         Stim
    148     6    27        1   731.071129         Stim
    149     6    28        1   751.082518         Stim
    150     1    18        1   603.147210         Stim
    151     1    16        1   719.053100         Stim
    152     1    15        1   581.440553         Stim
    153     1    17        1   483.899299         Stim
    154     1    16        1   447.767460         Stim
    155     1    15        1   491.799358         Stim
    156     1    17        1   479.747740         Stim
