            8.030903             0.71278                   1
           29.995138             0.52397                   1
           45.938791             0.72387                   1
           61.880884             0.63731                   1
           73.814614             0.67125                   1
          103.719277             0.62180                   1
          107.697225             0.63568                   1
          115.684341             0.68835                   1
          119.662190             1.11839                   1
          135.620682             1.04752                   1
          155.541990             0.58963                   1
          171.500063             0.63908                   1
          177.474751             0.51500                   1
          189.439679             0.89898                   1
          225.303385             0.64230                   1
          251.214487             0.82644                   1
          307.030235             0.60122                   1
          320.977109             1.00593                   1
          324.969943             0.74100                   1
