           16.000010             0.53550                   1
           73.812699             0.55321                   1
           79.802806             0.62687                   1
           91.767775             1.47760                   1
           93.764579             0.55275                   1
          103.732798             0.73624                   1
          121.688007             0.98051                   1
          123.669178             1.10329                   1
          163.557617             0.67773                   1
          167.535807             0.61949                   1
          191.449907             0.53675                   1
          193.431099             0.67543                   1
          195.412644             0.55789                   1
          197.408993             0.43353                   1
          215.379886             0.99002                   1
          225.332459             0.60526                   1
          249.246819             0.67420                   1
          257.218242             0.70257                   1
          263.192894             0.62381                   1
          287.122858             1.23707                   1
          289.104869             0.91901                   1
          330.989247             0.88950                   1
          334.951519             0.53514                   1
