            8.028725             0.81899                   1
           17.982084             0.52969                   1
           31.958555             0.72050                   1
           53.907313             0.57112                   1
           63.859911             0.63422                   1
           65.856711             0.62143                   1
           67.837846             0.64019                   1
          127.647073             0.87728                   1
          179.516119             0.51505                   1
          185.475171             0.67961                   1
          209.389535             0.70855                   1
          219.357755             0.54010                   1
          223.335787             0.86593                   1
          247.265635             1.12739                   1
          261.197241             1.17940                   1
          267.170883             0.55768                   1
          275.142349             0.60998                   1
          301.084670             0.60293                   1
          305.062524             0.68096                   1
          309.040448             0.76694                   1
          319.024304             1.07074                   1
          323.002146             0.57288                   1
          340.941875             0.75259                   1
