           45.909669             0.59298                   1
           57.874646             1.27565                   1
           81.773640             0.88002                   1
           83.770124             1.01147                   1
           99.713026             1.18016                   1
          129.586436             0.65785                   1
          137.573516             0.74256                   1
          149.538460             0.71331                   1
          165.512634             0.62667                   1
          207.397753             1.33243                   1
          235.336908             0.82443                   1
          267.253816             0.89065                   1
          281.184369             0.61578                   1
          285.163126             1.04481                   1
          291.136939             0.71092                   1
          293.118199             0.87360                   1
          299.092800             0.74686                   1
          309.061000             0.85033                   1
          315.035747             0.74743                   1
          323.007161             1.11974                   1
          338.965644             0.75290                   1
          340.962403             0.77208                   1
