           45.909669             0.51478                   1
           57.874646             0.51479                   1
           81.773640             0.51529                   1
           83.770124             0.51473                   1
           99.713026             0.51478                   1
          129.586436             0.51486                   1
          137.573516             0.51475                   1
          149.538460             0.51486                   1
          165.512634             0.51469                   1
          207.397753             0.51477                   1
          235.336908             0.51470                   1
          267.253816             0.51472                   1
          281.184369             0.51476                   1
          285.163126             0.52954                   1
          291.136939             0.51479                   1
          293.118199             0.51472                   1
          299.092800             0.51481                   1
          309.061000             0.51481                   1
          315.035747             0.51473                   1
          323.007161             0.51470                   1
          338.965644             0.51477                   1
          340.962403             0.51475                   1
