            8.029795             0.51509                   1
           19.994749             0.51473                   1
           25.969373             0.51482                   1
           27.966120             0.51481                   1
           49.914962             0.51482                   1
           61.879939             0.51475                   1
           71.832510             0.51482                   1
           81.816321             0.51469                   1
          119.676832             0.51473                   1
          131.641747             0.51479                   1
          147.584688             0.51477                   1
          155.556078             0.51481                   1
          165.524296             0.51481                   1
          183.479591             0.51477                   1
          185.460714             0.51479                   1
          207.409499             0.51481                   1
          209.390748             0.51473                   1
          253.272649             0.51482                   1
          273.209091             0.51483                   1
          289.121397             0.52980                   1
          309.072815             0.51473                   1
          319.041049             0.51478                   1
          324.984469             0.51480                   1
