           71.817902             0.51482                   1
           75.795855             0.51473                   1
           97.744592             0.51480                   1
          145.588897             0.51476                   1
          153.560380             0.51476                   1
          239.249549             0.51479                   1
          271.135292             0.51483                   1
          279.122396             0.51479                   1
          287.093861             0.51470                   1
          315.001772             0.51471                   1
