           23.971460             0.73187                   1
           41.942388             0.63243                   1
           45.920490             0.62215                   1
           55.904101             0.77424                   1
           57.885232             1.02507                   1
           85.793138             0.90044                   1
          101.736038             0.66104                   1
          105.713923             1.06710                   1
          109.691840             0.91304                   1
          131.640643             0.54763                   1
          147.599112             0.65274                   1
          153.589442             0.66221                   1
          175.522579             0.64046                   1
          181.497248             0.84164                   1
          187.471971             0.66677                   1
          229.310386             1.08316                   1
          231.291530             0.75798                   1
          237.281800             0.83949                   1
          255.237105             0.91570                   1
          299.103414             0.72019                   1
          307.043694             0.78774                   1
