           14.023851             0.61571                   1
           23.976466             1.20682                   1
           29.966820             0.53629                   1
           61.852539             0.64963                   1
           79.792227             0.60544                   1
           89.729182             0.57223                   1
          111.678033             0.62279                   1
          113.659218             0.83352                   1
          123.611777             0.48868                   1
          145.544872             0.97900                   1
          185.464591             0.87415                   1
          189.442532             0.64009                   1
          191.423689             0.54694                   1
          195.417170             0.90532                   1
          219.378319             0.75144                   1
          225.368645             0.72895                   1
          241.327182             0.68200                   1
          251.310961             0.65801                   1
          259.266801             0.81387                   1
          273.228559             1.12371                   1
          279.203234             0.84490                   1
          295.114898             0.78883                   1
          313.054621             0.67260                   1
