           16.000010             0.51480                   1
           73.812699             0.51544                   1
           79.802806             0.51471                   1
           91.767775             0.51478                   1
           93.764579             0.51478                   1
          103.732798             0.51480                   1
          121.688007             0.51471                   1
          123.669178             0.51477                   1
          163.557617             0.51477                   1
          167.535807             0.51543                   1
          191.449907             0.51479                   1
          193.431099             0.51471                   1
          195.412644             0.52996                   1
          197.408993             0.51480                   1
          215.379886             0.51474                   1
          225.332459             0.51466                   1
          249.246819             0.51474                   1
          257.218242             0.51480                   1
          263.192894             0.51484                   1
          287.122858             0.51478                   1
          289.104869             0.52954                   1
          330.989247             0.51477                   1
          334.951519             0.51487                   1
