           39.946650             0.51486                   1
           87.806734             0.51467                   1
           93.765705             0.51477                   1
          101.721634             0.51543                   1
          115.698935             0.51473                   1
          127.648237             0.51485                   1
          139.613918             0.52969                   1
          159.549657             0.51478                   1
          177.504951             0.51472                   1
          193.432236             0.51471                   1
          211.371853             0.51473                   1
          219.343383             0.51472                   1
          259.231739             0.51476                   1
          267.218797             0.51479                   1
          275.190307             0.51473                   1
          283.161660             0.51482                   1
          285.142831             0.51481                   1
          297.107852             0.51475                   1
          299.104534             0.51486                   1
          307.075990             0.51476                   1
          317.044446             0.51538                   1
          321.022196             0.51479                   1
          338.946181             0.51483                   1
