           12.023317             0.51472                   1
           16.001187             0.51476                   1
           51.896097             0.51471                   1
           63.861061             0.51466                   1
           69.851333             0.51478                   1
           89.787802             0.51476                   1
           91.768940             0.51475                   1
          113.717726             0.51467                   1
          123.670383             0.51473                   1
          143.606682             0.51478                   1
          153.574944             0.51479                   1
          167.506140             0.52976                   1
          191.451028             0.51479                   1
          195.413749             0.51543                   1
          229.327104             0.51484                   1
          235.317397             0.51479                   1
          241.292099             0.51472                   1
          249.279121             0.51485                   1
          257.250576             0.51483                   1
          277.171407             0.51478                   1
          323.003356             0.51477                   1
          328.978074             0.51473                   1
          336.965092             0.51476                   1
