           71.817902             1.51567                   1
           75.795855             1.51567                   1
           97.744592             1.51567                   1
          145.588897             0.77498                   1
          153.560380             1.51567                   1
          239.249549             1.10373                   1
          271.135292             1.51567                   1
          279.122396             1.51567                   1
          287.093861             1.51567                   1
          315.001772             1.51567                   1
