            8.033677             0.51491                   1
           16.005016             0.51479                   1
           18.001780             0.51476                   1
           31.947946             0.51474                   1
           39.934957             0.51481                   1
           43.912892             0.51477                   1
           47.890795             0.51479                   1
           69.823953             0.51478                   1
           77.810951             0.51488                   1
           85.751203             0.51487                   1
          107.684484             0.51476                   1
          115.640359             0.51475                   1
          121.630592             0.51482                   1
          167.493707             0.51481                   1
          233.355681             0.51478                   1
          255.288831             0.51481                   1
          257.270025             0.51520                   1
          275.209669             0.51476                   1
          289.155779             0.51486                   1
          305.083098             0.51477                   1
          321.010455             0.51527                   1
          332.991042             0.51477                   1
