           14.023851             0.51483                   1
           23.976466             0.51478                   1
           29.966820             0.51473                   1
           61.852539             0.51472                   1
           79.792227             0.51472                   1
           89.729182             0.51478                   1
          111.678033             0.51479                   1
          113.659218             0.51478                   1
          123.611777             0.51474                   1
          145.544872             0.51508                   1
          185.464591             0.51477                   1
          189.442532             0.51477                   1
          191.423689             0.51477                   1
          195.417170             0.51481                   1
          219.378319             0.51478                   1
          225.368645             0.51478                   1
          241.327182             0.51469                   1
          251.310961             0.51484                   1
          259.266801             0.51470                   1
          273.228559             0.51475                   1
          279.203234             0.51476                   1
          295.114898             0.51472                   1
          313.054621             0.51477                   1
