            8.030903             0.51477                   1
           29.995138             0.51479                   1
           45.938791             0.52963                   1
           61.880884             0.51482                   1
           73.814614             0.51496                   1
          103.719277             0.51483                   1
          107.697225             0.51478                   1
          115.684341             0.51473                   1
          119.662190             0.51473                   1
          135.620682             0.51475                   1
          155.541990             0.51532                   1
          171.500063             0.51469                   1
          177.474751             0.51473                   1
          189.439679             0.51472                   1
          225.303385             0.51479                   1
          251.214487             0.51479                   1
          307.030235             0.51475                   1
          320.977109             0.52968                   1
          324.969943             0.51474                   1
