            8.028725             0.51492                   1
           17.982084             0.52948                   1
           31.958555             0.51477                   1
           53.907313             0.51475                   1
           63.859911             0.51473                   1
           65.856711             0.51478                   1
           67.837846             0.51478                   1
          127.647073             0.51484                   1
          179.516119             0.51481                   1
          185.475171             0.51478                   1
          209.389535             0.51481                   1
          219.357755             0.51477                   1
          223.335787             0.51542                   1
          247.265635             0.51469                   1
          261.197241             0.52935                   1
          267.170883             0.51473                   1
          275.142349             0.51475                   1
          301.084670             0.51473                   1
          305.062524             0.51472                   1
          309.040448             0.51481                   1
          319.024304             0.51481                   1
          323.002146             0.51477                   1
          340.941875             0.51470                   1
