           39.946650             0.81226                   1
           87.806734             0.72680                   1
           93.765705             0.65563                   1
          101.721634             0.57150                   1
          115.698935             1.02587                   1
          127.648237             0.62815                   1
          139.613918             0.79015                   1
          159.549657             0.88583                   1
          177.504951             1.37006                   1
          193.432236             0.57833                   1
          211.371853             0.61423                   1
          219.343383             1.08243                   1
          259.231739             0.84900                   1
          267.218797             1.19770                   1
          275.190307             1.05797                   1
          283.161660             0.93443                   1
          285.142831             0.88119                   1
          297.107852             0.69986                   1
          299.104534             0.75115                   1
          307.075990             1.04338                   1
          317.044446             1.05866                   1
          321.022196             0.63288                   1
          338.946181             0.61239                   1
