           16.017805             0.94168                   1
           65.858819             0.86724                   1
           87.776466             1.23698                   1
          117.665433             0.68322                   1
          137.617451             0.77860                   1
          147.585662             0.77815                   1
          163.528545             0.65883                   1
          173.481095             0.70601                   1
          195.414360             0.69212                   1
          207.363758             0.80641                   1
          217.316340             1.41351                   1
          229.296939             0.96055                   1
          249.233372             1.40757                   1
          295.065310             0.64647                   1
