           20.011341             0.63607                   1
           31.976263             0.55883                   1
           35.954204             0.66869                   1
           47.934745             1.12787                   1
           59.899687             0.61855                   1
           69.836769             0.50522                   1
           89.757551             0.66386                   1
          101.738181             0.64289                   1
          123.640126             0.98833                   1
          167.522047             0.57724                   1
          183.450357             0.64845                   1
          191.420824             0.67775                   1
          197.395561             0.59088                   1
          203.385722             0.57661                   1
          215.335249             0.68267                   1
          255.192418             0.74448                   1
          301.039931             0.63164                   1
          313.020517             0.89070                   1
