           23.971460             0.51486                   1
           41.942388             0.51480                   1
           45.920490             0.51540                   1
           55.904101             0.51477                   1
           57.885232             0.51480                   1
           85.793138             0.51474                   1
          101.736038             0.51517                   1
          105.713923             0.51478                   1
          109.691840             0.51482                   1
          131.640643             0.51482                   1
          147.599112             0.51482                   1
          153.589442             0.51479                   1
          175.522579             0.51477                   1
          181.497248             0.51482                   1
          187.471971             0.51477                   1
          229.310386             0.51479                   1
          231.291530             0.51479                   1
          237.281800             0.51485                   1
          255.237105             0.51473                   1
          299.103414             0.51486                   1
          307.043694             0.51503                   1
