           20.011341             0.51474                   1
           31.976263             0.51484                   1
           35.954204             0.51512                   1
           47.934745             0.51483                   1
           59.899687             0.51477                   1
           69.836769             0.51477                   1
           89.757551             0.51480                   1
          101.738181             0.51478                   1
          123.640126             0.51480                   1
          167.522047             0.51487                   1
          183.450357             0.52944                   1
          191.420824             0.51479                   1
          197.395561             0.51475                   1
          203.385722             0.51488                   1
          215.335249             0.51472                   1
          255.192418             0.51475                   1
          301.039931             0.51481                   1
          313.020517             0.51479                   1
