            8.033677             0.90202                   1
           16.005016             0.48252                   1
           18.001780             0.39766                   1
           31.947946             0.69105                   1
           39.934957             0.83181                   1
           43.912892             0.64582                   1
           47.890795             0.57181                   1
           69.823953             0.58199                   1
           77.810951             0.66680                   1
           85.751203             0.66231                   1
          107.684484             0.67244                   1
          115.640359             0.62836                   1
          121.630592             1.02191                   1
          167.493707             0.72557                   1
          233.355681             0.62979                   1
          255.288831             1.15199                   1
          257.270025             0.85068                   1
          275.209669             0.67069                   1
          289.155779             0.57213                   1
          305.083098             0.83633                   1
          321.010455             0.68458                   1
          332.991042             0.74364                   1
