           12.023317             0.55232                   1
           16.001187             0.48632                   1
           51.896097             0.59842                   1
           63.861061             0.71312                   1
           69.851333             0.63471                   1
           89.787802             0.81762                   1
           91.768940             0.70048                   1
          113.717726             1.21509                   1
          123.670383             0.63015                   1
          143.606682             1.18136                   1
          153.574944             0.92472                   1
          167.506140             0.88116                   1
          191.451028             0.83961                   1
          195.413749             0.69278                   1
          229.327104             0.61054                   1
          235.317397             0.57208                   1
          241.292099             0.70118                   1
          249.279121             1.00989                   1
          257.250576             0.69426                   1
          277.171407             0.65291                   1
          323.003356             0.76365                   1
          328.978074             0.62074                   1
          336.965092             0.72155                   1
