           16.003074            0.516340                   1
           73.831028            0.558620                   1
           79.805688            0.631750                   1
           91.786251            0.634820                   1
           93.767349            0.493660                   1
          103.735580            0.469130                   1
          121.690772            0.649370                   1
          123.671886            0.604200                   1
          155.573644            0.605440                   1
          163.560145            0.682700                   1
          191.452380            0.733610                   1
          195.430236            0.475660                   1
          197.411526            0.670290                   1
          215.382277            0.587020                   1
          225.334821            0.610180                   1
          249.264740            0.591490                   1
          257.236189            0.531940                   1
          263.195214            0.500590                   1
          287.140723            0.786340                   1
          289.121883            0.749140                   1
          331.006913            0.582800                   1
          334.969229            0.644370                   1
            8.023661            0.672040                   1
           19.988507            0.514920                   1
           25.963095            0.612060                   1
           27.959883            0.495190                   1
           49.908598            0.553800                   1
           61.873577            0.564460                   1
           71.826123            0.715600                   1
           81.809808            0.763610                   1
          131.635242            0.696600                   1
          147.593647            0.601720                   1
          155.550105            0.973000                   1
          165.533191            0.757620                   1
          183.488456            1.329780                   1
          185.469567            0.644610                   1
          207.402730            0.974790                   1
          209.383897            0.465590                   1
          215.358533            0.882720                   1
          273.202014            0.573530                   1
          289.129278            0.717740                   1
          309.065670            0.716740                   1
          324.992937            0.588970                   1
            8.026347            0.485320                   1
           29.985833            0.589190                   1
           45.950478            0.560050                   1
           49.920362            0.630050                   1
           61.900168            0.401830                   1
           73.839865            0.469800                   1
          103.754259            0.498460                   1
          107.739107            0.529460                   1
          115.733940            0.622400                   1
          119.703871            0.892340                   1
          135.678469            0.661260                   1
          155.613069            0.534020                   1
          171.577689            0.600960                   1
          177.547566            0.520210                   1
          189.522257            0.575780                   1
          225.406500            0.510080                   1
          233.361250            0.527520                   1
          251.325857            0.706320                   1
          267.275580            0.620120                   1
          293.204956            0.569950                   1
          307.169678            1.252720                   1
          321.134333            0.631670                   1
          325.119156            0.550760                   1
          337.108960            0.544520                   1
            8.024595            0.631090                   1
           17.979342            0.524030                   1
           31.939103            0.547860                   1
           39.933855            0.560880                   1
           43.918792            0.559840                   1
           47.888846            0.565620                   1
           77.828008            0.625540                   1
          103.732403            1.008350                   1
          107.717281            0.551380                   1
          115.682171            0.682190                   1
          121.667025            0.585160                   1
          157.576196            0.626860                   1
          167.556011            0.590750                   1
          233.439560            1.409130                   1
          255.383975            0.624040                   1
          275.318595            0.768800                   1
          289.268256            0.674770                   1
          321.152565            0.597470                   1
          333.117239            1.248370                   1
