            8.031778            0.514810                   1
           17.999940            0.514730                   1
           31.961566            0.514780                   1
           53.910220            0.514810                   1
           63.863434            0.529890                   1
           65.859632            0.514750                   1
           67.840761            0.514760                   1
          127.649885            0.515290                   1
          139.630395            0.514750                   1
          179.518692            0.514840                   1
          185.493271            0.514840                   1
          219.360179            0.515180                   1
          223.353671            0.514810                   1
          247.268422            0.515330                   1
          261.214091            0.514800                   1
          267.188741            0.514770                   1
          275.160176            0.514780                   1
          301.086780            0.514760                   1
          305.080280            0.514810                   1
          309.042563            0.514830                   1
          323.019884            0.514810                   1
          340.959562            0.514670                   1
           12.017034            0.514730                   1
           15.994842            0.514910                   1
           47.927487            0.514680                   1
           51.889768            0.514800                   1
           63.855317            0.515270                   1
           89.781273            0.514810                   1
           91.778133            0.514750                   1
          123.663794            0.514780                   1
          143.600144            0.514790                   1
          153.568260            0.514790                   1
          167.514402            0.514780                   1
          191.444213            0.514790                   1
          195.422190            0.514740                   1
          235.310503            0.514730                   1
          241.300766            0.514730                   1
          249.287809            0.514810                   1
          257.259222            0.514810                   1
          277.179954            0.514800                   1
          323.011737            0.514800                   1
          328.970811            0.514780                   1
          336.957836            0.514850                   1
           20.006185            0.504810                   1
           31.985852            0.504950                   1
           35.970821            0.504900                   1
           47.935438            0.520060                   1
           59.915178            0.504970                   1
           63.885088            0.519990                   1
           69.854961            0.520110                   1
          101.769211            0.520050                   1
          167.592772            0.504970                   1
          183.542439            0.505000                   1
          191.512244            0.504970                   1
          197.492108            0.504990                   1
          203.476961            0.504940                   1
          209.446749            0.505020                   1
          215.426684            0.519960                   1
          231.376296            0.519960                   1
          255.310764            0.520050                   1
          263.305607            0.504980                   1
          265.290608            0.519920                   1
          283.240178            0.504910                   1
          301.184744            0.509980                   1
          313.164515            0.505020                   1
           14.004379            0.519990                   1
           23.974233            0.504900                   1
           29.954071            0.510040                   1
           61.868391            0.504980                   1
           79.812985            0.510080                   1
           89.767743            0.504970                   1
          111.712237            0.505000                   1
          123.651983            0.520000                   1
          145.606498            0.509930                   1
          179.545755            0.504950                   1
          185.525548            0.510000                   1
          189.510462            0.520000                   1
          195.495369            0.504980                   1
          219.464826            0.504930                   1
          225.444734            0.519920                   1
          241.409330            0.520080                   1
          251.404099            0.504970                   1
          259.358933            0.519950                   1
          273.333589            0.504990                   1
          279.303426            0.520110                   1
          295.223287            0.519820                   1
          313.172683            0.520040                   1
