            8.034546            0.504950                   1
           16.004312            0.520060                   1
           17.989320            0.519990                   1
           31.954005            0.519990                   1
           39.948865            0.504950                   1
           43.928730            0.509970                   1
           47.903618            0.505010                   1
           69.848173            0.519980                   1
           85.782822            0.510060                   1
          103.747453            0.504920                   1
          107.732309            0.519960                   1
          115.687149            0.519920                   1
          121.682020            0.519960                   1
          157.591155            0.505020                   1
          167.560955            0.514870                   1
          233.449474            0.504980                   1
          255.393981            0.509950                   1
          257.378909            0.509950                   1
          275.328521            0.519970                   1
          289.278248            0.509930                   1
          305.217866            0.504970                   1
          321.167506            0.504990                   1
          333.132245            0.519950                   1
