           23.984187            0.527040                   1
           29.969036            0.549980                   1
           61.878349            0.639720                   1
           79.827955            0.769520                   1
           89.767672            0.661480                   1
          111.727227            0.717280                   1
          113.702111            0.590310                   1
          123.666910            0.689200                   1
          145.611438            0.727990                   1
          185.535430            0.770760                   1
          189.530511            0.695560                   1
          191.505381            0.912640                   1
          195.500274            1.173620                   1
          219.469763            0.763390                   1
          225.454598            0.946360                   1
          241.419272            0.717180                   1
          251.409060            0.727080                   1
          259.368969            0.702910                   1
          273.343550            0.639950                   1
          279.313461            0.645860                   1
          295.238098            0.520110                   1
          313.187666            0.738640                   1
