           23.974605            0.544580                   1
           41.945357            0.589260                   1
           55.906993            0.571210                   1
           57.888250            0.629940                   1
          109.710199            0.998380                   1
          131.643345            1.096570                   1
          147.617381            0.881980                   1
          153.592040            0.699120                   1
          175.540764            0.573710                   1
          181.499821            0.686480                   1
          187.474529            0.735590                   1
          229.328377            0.648510                   1
          231.309525            0.571280                   1
          271.166691            0.736870                   1
          307.061472            0.664980                   1
          332.988080            0.585580                   1
           39.940427            0.618260                   1
           93.759221            0.693790                   1
           95.740405            1.008570                   1
          101.730688            0.682120                   1
          193.441050            0.536950                   1
          259.240357            0.831540                   1
          285.151383            0.575790                   1
           16.011168            0.628270                   1
           71.854930            0.462780                   1
           75.824805            0.540780                   1
           87.804570            0.632640                   1
          117.718928            0.525360                   1
          137.663386            0.628260                   1
          145.648217            0.723180                   1
          147.633125            1.210250                   1
          163.607873            0.771000                   1
          173.562527            0.744040                   1
          195.492116            0.693750                   1
          217.426605            0.798580                   1
          239.361169            0.559400                   1
          249.340921            0.699250                   1
          287.220045            0.683030                   1
          295.204913            0.641900                   1
          315.149446            1.128690                   1
           45.903838            0.582710                   1
           57.883492            0.802700                   1
           81.797879            0.975550                   1
          125.646988            0.549100                   1
          149.591397            1.355920                   1
          281.288368            0.582890                   1
          299.223085            0.895560                   1
          309.187864            0.698550                   1
          339.117145            0.728330                   1
          341.102164            0.871240                   1
