            8.031778            0.514810                   1
           16.003074            0.514780                   1
           17.999940            0.514730                   1
           23.974605            0.514680                   1
           31.961566            0.514780                   1
           41.945357            0.514730                   1
           53.910220            0.514810                   1
           55.906993            0.514790                   1
           57.888250            0.514680                   1
           63.863434            0.529890                   1
           65.859632            0.514750                   1
           67.840761            0.514760                   1
           73.831028            0.514660                   1
           79.805688            0.514780                   1
           91.786251            0.514730                   1
           93.767349            0.514790                   1
          103.735580            0.514770                   1
          109.710199            0.514750                   1
          121.690772            0.514760                   1
          123.671886            0.514800                   1
          127.649885            0.515290                   1
          131.643345            0.514740                   1
          139.630395            0.514750                   1
          147.617381            0.514780                   1
          153.592040            0.514790                   1
          155.573644            0.515300                   1
          163.560145            0.514760                   1
          175.540764            0.514740                   1
          179.518692            0.514840                   1
          181.499821            0.514780                   1
          185.493271            0.514840                   1
          187.474529            0.514780                   1
          191.452380            0.514770                   1
          195.430236            0.514890                   1
          197.411526            0.514750                   1
          215.382277            0.514790                   1
          219.360179            0.515180                   1
          223.353671            0.514810                   1
          225.334821            0.514830                   1
          229.328377            0.514740                   1
          231.309525            0.514840                   1
          247.268422            0.515330                   1
          249.264740            0.514780                   1
          257.236189            0.514780                   1
          261.214091            0.514800                   1
          263.195214            0.514780                   1
          267.188741            0.514770                   1
          271.166691            0.514750                   1
          275.160176            0.514780                   1
          287.140723            0.514720                   1
          289.121883            0.514740                   1
          301.086780            0.514760                   1
          305.080280            0.514810                   1
          307.061472            0.514790                   1
          309.042563            0.514830                   1
          323.019884            0.514810                   1
          331.006913            0.514800                   1
          332.988080            0.514770                   1
          334.969229            0.514770                   1
          340.959562            0.514670                   1
            8.023661            0.514820                   1
           12.017034            0.514730                   1
           15.994842            0.514910                   1
           19.988507            0.514780                   1
           25.963095            0.514770                   1
           27.959883            0.514830                   1
           39.940427            0.514780                   1
           47.927487            0.514680                   1
           49.908598            0.514800                   1
           51.889768            0.514800                   1
           61.873577            0.514780                   1
           63.855317            0.515270                   1
           71.826123            0.514740                   1
           81.809808            0.515010                   1
           89.781273            0.514810                   1
           91.778133            0.514750                   1
           93.759221            0.514810                   1
           95.740405            0.514770                   1
          101.730688            0.514730                   1
          123.663794            0.514780                   1
          131.635242            0.514710                   1
          143.600144            0.514790                   1
          147.593647            0.514750                   1
          153.568260            0.514790                   1
          155.550105            0.529750                   1
          165.533191            0.514860                   1
          167.514402            0.514780                   1
          183.488456            0.514790                   1
          185.469567            0.514810                   1
          191.444213            0.514790                   1
          193.441050            0.514680                   1
          195.422190            0.514740                   1
          207.402730            0.514790                   1
          209.383897            0.514710                   1
          215.358533            0.514670                   1
          235.310503            0.514730                   1
          241.300766            0.514730                   1
          249.287809            0.514810                   1
          257.259222            0.514810                   1
          259.240357            0.514800                   1
          273.202014            0.514820                   1
          277.179954            0.514800                   1
          285.151383            0.514840                   1
          289.129278            0.514820                   1
          309.065670            0.514790                   1
          323.011737            0.514800                   1
          324.992937            0.514720                   1
          328.970811            0.514780                   1
          336.957836            0.514850                   1
            8.026347            0.519980                   1
           16.011168            0.514960                   1
           20.006185            0.504810                   1
           29.985833            0.520040                   1
           31.985852            0.504950                   1
           35.970821            0.504900                   1
           45.950478            0.519970                   1
           47.935438            0.520060                   1
           49.920362            0.520040                   1
           59.915178            0.504970                   1
           61.900168            0.519950                   1
           63.885088            0.519990                   1
           69.854961            0.520110                   1
           71.854930            0.505020                   1
           73.839865            0.504970                   1
           75.824805            0.504980                   1
           87.804570            0.520000                   1
          101.769211            0.520050                   1
          103.754259            0.519930                   1
          107.739107            0.514990                   1
          115.733940            0.504910                   1
          117.718928            0.519940                   1
          119.703871            0.519940                   1
          135.678469            0.519960                   1
          137.663386            0.520010                   1
          145.648217            0.514960                   1
          147.633125            0.520110                   1
          155.613069            0.519940                   1
          163.607873            0.505050                   1
          167.592772            0.504970                   1
          171.577689            0.504940                   1
          173.562527            0.520100                   1
          177.547566            0.519960                   1
          183.542439            0.505000                   1
          189.522257            0.509940                   1
          191.512244            0.504970                   1
          195.492116            0.520040                   1
          197.492108            0.504990                   1
          203.476961            0.504940                   1
          209.446749            0.505020                   1
          215.426684            0.519960                   1
          217.426605            0.505040                   1
          225.406500            0.509930                   1
          231.376296            0.519960                   1
          233.361250            0.520030                   1
          239.361169            0.504960                   1
          249.340921            0.519970                   1
          251.325857            0.520030                   1
          255.310764            0.520050                   1
          263.305607            0.504980                   1
          265.290608            0.519920                   1
          267.275580            0.519940                   1
          283.240178            0.504910                   1
          287.220045            0.520020                   1
          293.204956            0.519980                   1
          295.204913            0.505000                   1
          301.184744            0.509980                   1
          307.169678            0.519850                   1
          313.164515            0.505020                   1
          315.149446            0.509990                   1
          321.134333            0.519970                   1
          325.119156            0.520080                   1
          337.108960            0.505010                   1
            8.024595            0.504930                   1
           14.004379            0.519990                   1
           17.979342            0.520060                   1
           23.974233            0.504900                   1
           29.954071            0.510040                   1
           31.939103            0.519910                   1
           39.933855            0.509960                   1
           43.918792            0.519990                   1
           45.903838            0.519850                   1
           47.888846            0.509910                   1
           57.883492            0.504940                   1
           61.868391            0.504980                   1
           77.828008            0.509990                   1
           79.812985            0.510080                   1
           81.797879            0.509960                   1
           89.767743            0.504970                   1
          103.732403            0.520000                   1
          107.717281            0.515020                   1
          111.712237            0.505000                   1
          115.682171            0.519980                   1
          121.667025            0.519970                   1
          123.651983            0.520000                   1
          125.646988            0.509990                   1
          145.606498            0.509930                   1
          149.591397            0.509970                   1
          157.576196            0.515020                   1
          167.556011            0.504970                   1
          179.545755            0.504950                   1
          185.525548            0.510000                   1
          189.510462            0.520000                   1
          195.495369            0.504980                   1
          219.464826            0.504930                   1
          225.444734            0.519920                   1
          233.439560            0.509940                   1
          241.409330            0.520080                   1
          251.404099            0.504970                   1
          255.383975            0.510010                   1
          259.358933            0.519950                   1
          273.333589            0.504990                   1
          275.318595            0.519900                   1
          279.303426            0.520110                   1
          281.288368            0.520030                   1
          289.268256            0.520010                   1
          295.223287            0.519820                   1
          299.223085            0.504900                   1
          309.187864            0.519910                   1
          313.172683            0.520040                   1
          321.152565            0.509950                   1
          333.117239            0.520010                   1
          339.117145            0.504990                   1
          341.102164            0.504850                   1
