            8.034546            0.504950                   1
           16.004312            0.520060                   1
           17.989320            0.519990                   1
           23.984187            0.505010                   1
           29.969036            0.504940                   1
           31.954005            0.519990                   1
           39.948865            0.504950                   1
           43.928730            0.509970                   1
           45.918693            0.504930                   1
           47.903618            0.505010                   1
           57.883406            0.519890                   1
           61.878349            0.509970                   1
           69.848173            0.519980                   1
           79.827955            0.504950                   1
           81.812996            0.504860                   1
           83.797865            0.519960                   1
           85.782822            0.510060                   1
           89.767672            0.519960                   1
          103.747453            0.504920                   1
          107.732309            0.519960                   1
          111.727227            0.504980                   1
          113.702111            0.515020                   1
          115.687149            0.519920                   1
          121.682020            0.519960                   1
          123.666910            0.520040                   1
          125.651849            0.520020                   1
          129.636779            0.520010                   1
          137.631643            0.504930                   1
          145.611438            0.520130                   1
          149.596297            0.520040                   1
          157.591155            0.505020                   1
          165.571045            0.519900                   1
          167.560955            0.514870                   1
          185.535430            0.520110                   1
          189.530511            0.504910                   1
          191.505381            0.515000                   1
          195.500274            0.505000                   1
          207.480038            0.520020                   1
          219.469763            0.510030                   1
          225.454598            0.520050                   1
          233.449474            0.504980                   1
          241.419272            0.519990                   1
          251.409060            0.510030                   1
          255.393981            0.509950                   1
          257.378909            0.509950                   1
          259.368969            0.514850                   1
          267.348694            0.520020                   1
          273.343550            0.504980                   1
          275.328521            0.519970                   1
          279.313461            0.519980                   1
          281.298379            0.519940                   1
          285.283242            0.520030                   1
          289.278248            0.509930                   1
          291.268201            0.504950                   1
          293.253117            0.504970                   1
          295.238098            0.519920                   1
          305.217866            0.504970                   1
          309.202766            0.504980                   1
          313.187666            0.504910                   1
          321.167506            0.504990                   1
          333.132245            0.519950                   1
