           45.918693            0.591840                   1
           57.883406            0.970730                   1
           81.812996            0.568430                   1
           83.797865            0.919500                   1
          125.651849            0.624210                   1
          129.636779            0.583130                   1
          137.631643            0.964030                   1
          149.596297            0.663000                   1
          165.571045            0.903790                   1
          207.480038            0.905490                   1
          267.348694            0.722950                   1
          281.298379            0.820860                   1
          285.283242            0.723840                   1
          291.268201            0.554800                   1
          293.253117            0.641780                   1
          309.202766            0.771670                   1
