           14.021948            0.505530    1
           45.938836            0.539660    1
           85.795945            0.465310    1
          101.754464            0.538320    1
          105.716728            0.679940    1
          167.553763            0.760960    1
          193.449208            1.515670    1
          209.392019            1.515670    1
          237.284148            1.515670    1
          255.239383            0.928610    1
          299.105638            0.749070    1
          319.026359            0.771740    1
           69.844987            0.704860    1
           87.800163            0.741080    1
          113.711207            1.515670    1
          115.692330            0.984050    1
          119.685875            1.515670    1
          127.641647            0.786360    1
          139.622268            1.515670    1
          159.542983            0.844080    1
          177.498182            0.728260    1
          211.380606            0.556830    1
          219.336466            0.592740    1
          229.335821            1.515670    1
          253.265728            0.774390    1
          267.227373            0.948280    1
          275.183938            0.591530    1
          283.154634            0.524600    1
          297.116376            1.386370    1
          299.097472            0.621240    1
          307.084503            0.697950    1
          317.052717            1.515670    1
          319.033810            1.515670    1
          321.030581            1.515670    1
          338.939700            1.153730    1
           65.870029            1.513390    1
           89.789494            1.513390    1
           97.784425            1.513390    1
          123.688740            0.731350    1
          153.628018            0.520290    1
          207.461839            1.059660    1
          229.391330            0.545550    1
          271.260424            0.723120    1
          279.255250            0.688090    1
           15.994367            0.485070    1
           67.848213            0.941640    1
           69.848245            1.513440    1
           83.782890            0.638470    1
           85.772858            0.576420    1
           99.747523            0.465310    1
          113.697205            0.491180    1
          129.631854            0.580050    1
          137.616572            1.513440    1
          165.566049            0.580790    1
          191.495427            0.530550    1
          207.475135            1.513440    1
          235.424531            0.640170    1
          257.368979            1.513440    1
          267.338753            1.084920    1
          285.273391            0.701770    1
          291.253165            1.513440    1
          293.238033            1.513440    1
          305.202779            1.427680    1
          315.157610            1.513440    1
          323.137512            0.580490    1
