            8.034546            0.669160                   1
           16.004312            0.715140                   1
           17.989320            0.458050                   1
           31.954005            0.580970                   1
           39.948865            0.649860                   1
           43.928730            0.589840                   1
           47.903618            0.606840                   1
           69.848173            0.645620                   1
           85.782822            0.630460                   1
          103.747453            0.969300                   1
          107.732309            0.936300                   1
          115.687149            1.133210                   1
          121.682020            0.810180                   1
          157.591155            0.763890                   1
          167.560955            0.761800                   1
          233.449474            1.071220                   1
          255.393981            0.574130                   1
          257.378909            0.765040                   1
          275.328521            0.742870                   1
          289.278248            0.616800                   1
          305.217866            0.884600                   1
          321.167506            1.086450                   1
          333.132245            0.777460                   1
