           45.918693            0.504930                   1
           57.883406            0.519890                   1
           81.812996            0.504860                   1
           83.797865            0.519960                   1
          125.651849            0.520020                   1
          129.636779            0.520010                   1
          137.631643            0.504930                   1
          149.596297            0.520040                   1
          165.571045            0.519900                   1
          207.480038            0.520020                   1
          267.348694            0.520020                   1
          281.298379            0.519940                   1
          285.283242            0.520030                   1
          291.268201            0.504950                   1
          293.253117            0.504970                   1
          309.202766            0.504980                   1
