           16.003074            0.514780                   1
           73.831028            0.514660                   1
           79.805688            0.514780                   1
           91.786251            0.514730                   1
           93.767349            0.514790                   1
          103.735580            0.514770                   1
          121.690772            0.514760                   1
          123.671886            0.514800                   1
          155.573644            0.515300                   1
          163.560145            0.514760                   1
          191.452380            0.514770                   1
          195.430236            0.514890                   1
          197.411526            0.514750                   1
          215.382277            0.514790                   1
          225.334821            0.514830                   1
          249.264740            0.514780                   1
          257.236189            0.514780                   1
          263.195214            0.514780                   1
          287.140723            0.514720                   1
          289.121883            0.514740                   1
          331.006913            0.514800                   1
          334.969229            0.514770                   1
            8.023661            0.514820                   1
           19.988507            0.514780                   1
           25.963095            0.514770                   1
           27.959883            0.514830                   1
           49.908598            0.514800                   1
           61.873577            0.514780                   1
           71.826123            0.514740                   1
           81.809808            0.515010                   1
          131.635242            0.514710                   1
          147.593647            0.514750                   1
          155.550105            0.529750                   1
          165.533191            0.514860                   1
          183.488456            0.514790                   1
          185.469567            0.514810                   1
          207.402730            0.514790                   1
          209.383897            0.514710                   1
          215.358533            0.514670                   1
          273.202014            0.514820                   1
          289.129278            0.514820                   1
          309.065670            0.514790                   1
          324.992937            0.514720                   1
            8.026347            0.519980                   1
           29.985833            0.520040                   1
           45.950478            0.519970                   1
           49.920362            0.520040                   1
           61.900168            0.519950                   1
           73.839865            0.504970                   1
          103.754259            0.519930                   1
          107.739107            0.514990                   1
          115.733940            0.504910                   1
          119.703871            0.519940                   1
          135.678469            0.519960                   1
          155.613069            0.519940                   1
          171.577689            0.504940                   1
          177.547566            0.519960                   1
          189.522257            0.509940                   1
          225.406500            0.509930                   1
          233.361250            0.520030                   1
          251.325857            0.520030                   1
          267.275580            0.519940                   1
          293.204956            0.519980                   1
          307.169678            0.519850                   1
          321.134333            0.519970                   1
          325.119156            0.520080                   1
          337.108960            0.505010                   1
            8.024595            0.504930                   1
           17.979342            0.520060                   1
           31.939103            0.519910                   1
           39.933855            0.509960                   1
           43.918792            0.519990                   1
           47.888846            0.509910                   1
           77.828008            0.509990                   1
          103.732403            0.520000                   1
          107.717281            0.515020                   1
          115.682171            0.519980                   1
          121.667025            0.519970                   1
          157.576196            0.515020                   1
          167.556011            0.504970                   1
          233.439560            0.509940                   1
          255.383975            0.510010                   1
          275.318595            0.519900                   1
          289.268256            0.520010                   1
          321.152565            0.509950                   1
          333.117239            0.520010                   1
