           14.014394            0.519920    1
           67.863224            0.519950    1
           77.842987            0.504960    1
           99.762513            0.504980    1
          179.550728            0.519930    1
          235.434443            0.519950    1
          299.222872            0.520050    1
          315.172574            0.520060    1
          323.152458            0.504960    1
          339.117054            0.519920    1
          341.101955            0.520080    1
