            8.031778            0.671920                   1
           17.999940            0.559440                   1
           31.961566            0.741350                   1
           53.910220            0.464020                   1
           63.863434            0.530050                   1
           65.859632            0.658250                   1
           67.840761            0.549040                   1
          127.649885            0.610070                   1
          139.630395            0.565200                   1
          179.518692            0.579630                   1
          185.493271            0.588900                   1
          219.360179            0.848970                   1
          223.353671            1.087310                   1
          247.268422            0.523900                   1
          261.214091            0.617780                   1
          267.188741            0.666950                   1
          275.160176            0.879190                   1
          301.086780            0.695880                   1
          305.080280            0.606250                   1
          309.042563            0.483840                   1
          323.019884            0.930080                   1
          340.959562            0.605840                   1
           12.017034            0.502570                   1
           15.994842            0.532630                   1
           47.927487            0.526980                   1
           51.889768            0.492610                   1
           63.855317            0.702660                   1
           89.781273            0.695880                   1
           91.778133            0.770990                   1
          123.663794            0.772380                   1
          143.600144            1.259370                   1
          153.568260            0.914940                   1
          167.514402            1.248340                   1
          191.444213            0.693780                   1
          195.422190            0.835680                   1
          235.310503            0.538210                   1
          241.300766            0.787690                   1
          249.287809            0.536620                   1
          257.259222            0.588810                   1
          277.179954            0.827390                   1
          323.011737            0.762270                   1
          328.970811            0.562990                   1
          336.957836            0.487710                   1
           20.006185            0.617100                   1
           31.985852            0.405110                   1
           35.970821            0.532010                   1
           47.935438            0.591000                   1
           59.915178            0.530910                   1
           63.885088            0.824920                   1
           69.854961            0.654830                   1
          101.769211            0.523560                   1
          167.592772            0.521940                   1
          183.542439            0.627820                   1
          191.512244            0.697760                   1
          197.492108            0.557680                   1
          203.476961            0.628670                   1
          209.446749            0.658670                   1
          215.426684            0.766560                   1
          231.376296            0.504490                   1
          255.310764            0.833250                   1
          263.305607            0.558220                   1
          265.290608            0.541140                   1
          283.240178            0.575000                   1
          301.184744            0.821840                   1
          313.164515            0.561730                   1
           14.004379            0.523120                   1
           23.974233            0.593000                   1
           29.954071            1.044920                   1
           61.868391            0.993680                   1
           79.812985            0.816480                   1
           89.767743            0.621450                   1
          111.712237            0.596270                   1
          123.651983            0.504120                   1
          145.606498            0.596950                   1
          179.545755            0.880630                   1
          185.525548            0.844650                   1
          189.510462            0.443670                   1
          195.495369            0.538520                   1
          219.464826            0.472380                   1
          225.444734            0.668220                   1
          241.409330            0.671140                   1
          251.404099            0.636090                   1
          259.358933            0.425020                   1
          273.333589            0.649970                   1
          279.303426            0.615920                   1
          295.223287            0.543550                   1
          313.172683            0.665600                   1
