           23.984187            0.505010                   1
           29.969036            0.504940                   1
           61.878349            0.509970                   1
           79.827955            0.504950                   1
           89.767672            0.519960                   1
          111.727227            0.504980                   1
          113.702111            0.515020                   1
          123.666910            0.520040                   1
          145.611438            0.520130                   1
          185.535430            0.520110                   1
          189.530511            0.504910                   1
          191.505381            0.515000                   1
          195.500274            0.505000                   1
          219.469763            0.510030                   1
          225.454598            0.520050                   1
          241.419272            0.519990                   1
          251.409060            0.510030                   1
          259.368969            0.514850                   1
          273.343550            0.504980                   1
          279.313461            0.519980                   1
          295.238098            0.519920                   1
          313.187666            0.504910                   1
