           14.021948            0.514750    1
           45.938836            0.514760    1
           85.795945            0.514760    1
          101.754464            0.514700    1
          105.716728            0.514770    1
          167.553763            0.514800    1
          193.449208            0.514730    1
          209.392019            0.514710    1
          237.284148            0.514810    1
          255.239383            0.514790    1
          299.105638            0.514760    1
          319.026359            0.514800    1
           69.844987            0.514700    1
           87.800163            0.514790    1
          113.711207            0.514790    1
          115.692330            0.514810    1
          119.685875            0.514750    1
          127.641647            0.515290    1
          139.622268            0.514730    1
          159.542983            0.514770    1
          177.498182            0.514790    1
          211.380606            0.514860    1
          219.336466            0.515260    1
          229.335821            0.514770    1
          253.265728            0.514760    1
          267.227373            0.514830    1
          275.183938            0.529600    1
          283.154634            0.514730    1
          297.116376            0.514720    1
          299.097472            0.514830    1
          307.084503            0.514750    1
          317.052717            0.514760    1
          319.033810            0.514730    1
          321.030581            0.514840    1
          338.939700            0.529710    1
           65.870029            0.519990    1
           89.789494            0.520020    1
           97.784425            0.504840    1
          123.688740            0.520120    1
          153.628018            0.520030    1
          207.461839            0.505000    1
          229.391330            0.520130    1
          271.260424            0.520000    1
          279.255250            0.505000    1
           15.994367            0.515020    1
           67.848213            0.519990    1
           69.848245            0.504950    1
           83.782890            0.519940    1
           85.772858            0.514980    1
           99.747523            0.520040    1
          113.697205            0.519980    1
          129.631854            0.509970    1
          137.616572            0.515090    1
          165.566049            0.509930    1
          191.495427            0.519970    1
          207.475135            0.514950    1
          235.424531            0.509860    1
          257.368979            0.509880    1
          267.338753            0.519930    1
          285.273391            0.519930    1
          291.253165            0.510040    1
          293.238033            0.510140    1
          305.202779            0.510030    1
          315.157610            0.520050    1
          323.137512            0.509970    1
