            8.031778            0.671920                   1
           16.003074            0.516340                   1
           17.999940            0.559440                   1
           23.974605            0.544580                   1
           31.961566            0.741350                   1
           41.945357            0.589260                   1
           53.910220            0.464020                   1
           55.906993            0.571210                   1
           57.888250            0.629940                   1
           63.863434            0.530050                   1
           65.859632            0.658250                   1
           67.840761            0.549040                   1
           73.831028            0.558620                   1
           79.805688            0.631750                   1
           91.786251            0.634820                   1
           93.767349            0.493660                   1
          103.735580            0.469130                   1
          109.710199            0.998380                   1
          121.690772            0.649370                   1
          123.671886            0.604200                   1
          127.649885            0.610070                   1
          131.643345            1.096570                   1
          139.630395            0.565200                   1
          147.617381            0.881980                   1
          153.592040            0.699120                   1
          155.573644            0.605440                   1
          163.560145            0.682700                   1
          175.540764            0.573710                   1
          179.518692            0.579630                   1
          181.499821            0.686480                   1
          185.493271            0.588900                   1
          187.474529            0.735590                   1
          191.452380            0.733610                   1
          195.430236            0.475660                   1
          197.411526            0.670290                   1
          215.382277            0.587020                   1
          219.360179            0.848970                   1
          223.353671            1.087310                   1
          225.334821            0.610180                   1
          229.328377            0.648510                   1
          231.309525            0.571280                   1
          247.268422            0.523900                   1
          249.264740            0.591490                   1
          257.236189            0.531940                   1
          261.214091            0.617780                   1
          263.195214            0.500590                   1
          267.188741            0.666950                   1
          271.166691            0.736870                   1
          275.160176            0.879190                   1
          287.140723            0.786340                   1
          289.121883            0.749140                   1
          301.086780            0.695880                   1
          305.080280            0.606250                   1
          307.061472            0.664980                   1
          309.042563            0.483840                   1
          323.019884            0.930080                   1
          331.006913            0.582800                   1
          332.988080            0.585580                   1
          334.969229            0.644370                   1
          340.959562            0.605840                   1
            8.023661            0.672040                   1
           12.017034            0.502570                   1
           15.994842            0.532630                   1
           19.988507            0.514920                   1
           25.963095            0.612060                   1
           27.959883            0.495190                   1
           39.940427            0.618260                   1
           47.927487            0.526980                   1
           49.908598            0.553800                   1
           51.889768            0.492610                   1
           61.873577            0.564460                   1
           63.855317            0.702660                   1
           71.826123            0.715600                   1
           81.809808            0.763610                   1
           89.781273            0.695880                   1
           91.778133            0.770990                   1
           93.759221            0.693790                   1
           95.740405            1.008570                   1
          101.730688            0.682120                   1
          123.663794            0.772380                   1
          131.635242            0.696600                   1
          143.600144            1.259370                   1
          147.593647            0.601720                   1
          153.568260            0.914940                   1
          155.550105            0.973000                   1
          165.533191            0.757620                   1
          167.514402            1.248340                   1
          183.488456            1.329780                   1
          185.469567            0.644610                   1
          191.444213            0.693780                   1
          193.441050            0.536950                   1
          195.422190            0.835680                   1
          207.402730            0.974790                   1
          209.383897            0.465590                   1
          215.358533            0.882720                   1
          235.310503            0.538210                   1
          241.300766            0.787690                   1
          249.287809            0.536620                   1
          257.259222            0.588810                   1
          259.240357            0.831540                   1
          273.202014            0.573530                   1
          277.179954            0.827390                   1
          285.151383            0.575790                   1
          289.129278            0.717740                   1
          309.065670            0.716740                   1
          323.011737            0.762270                   1
          324.992937            0.588970                   1
          328.970811            0.562990                   1
          336.957836            0.487710                   1
            8.026347            0.485320                   1
           16.011168            0.628270                   1
           20.006185            0.617100                   1
           29.985833            0.589190                   1
           31.985852            0.405110                   1
           35.970821            0.532010                   1
           45.950478            0.560050                   1
           47.935438            0.591000                   1
           49.920362            0.630050                   1
           59.915178            0.530910                   1
           61.900168            0.401830                   1
           63.885088            0.824920                   1
           69.854961            0.654830                   1
           71.854930            0.462780                   1
           73.839865            0.469800                   1
           75.824805            0.540780                   1
           87.804570            0.632640                   1
          101.769211            0.523560                   1
          103.754259            0.498460                   1
          107.739107            0.529460                   1
          115.733940            0.622400                   1
          117.718928            0.525360                   1
          119.703871            0.892340                   1
          135.678469            0.661260                   1
          137.663386            0.628260                   1
          145.648217            0.723180                   1
          147.633125            1.210250                   1
          155.613069            0.534020                   1
          163.607873            0.771000                   1
          167.592772            0.521940                   1
          171.577689            0.600960                   1
          173.562527            0.744040                   1
          177.547566            0.520210                   1
          183.542439            0.627820                   1
          189.522257            0.575780                   1
          191.512244            0.697760                   1
          195.492116            0.693750                   1
          197.492108            0.557680                   1
          203.476961            0.628670                   1
          209.446749            0.658670                   1
          215.426684            0.766560                   1
          217.426605            0.798580                   1
          225.406500            0.510080                   1
          231.376296            0.504490                   1
          233.361250            0.527520                   1
          239.361169            0.559400                   1
          249.340921            0.699250                   1
          251.325857            0.706320                   1
          255.310764            0.833250                   1
          263.305607            0.558220                   1
          265.290608            0.541140                   1
          267.275580            0.620120                   1
          283.240178            0.575000                   1
          287.220045            0.683030                   1
          293.204956            0.569950                   1
          295.204913            0.641900                   1
          301.184744            0.821840                   1
          307.169678            1.252720                   1
          313.164515            0.561730                   1
          315.149446            1.128690                   1
          321.134333            0.631670                   1
          325.119156            0.550760                   1
          337.108960            0.544520                   1
            8.024595            0.631090                   1
           14.004379            0.523120                   1
           17.979342            0.524030                   1
           23.974233            0.593000                   1
           29.954071            1.044920                   1
           31.939103            0.547860                   1
           39.933855            0.560880                   1
           43.918792            0.559840                   1
           45.903838            0.582710                   1
           47.888846            0.565620                   1
           57.883492            0.802700                   1
           61.868391            0.993680                   1
           77.828008            0.625540                   1
           79.812985            0.816480                   1
           81.797879            0.975550                   1
           89.767743            0.621450                   1
          103.732403            1.008350                   1
          107.717281            0.551380                   1
          111.712237            0.596270                   1
          115.682171            0.682190                   1
          121.667025            0.585160                   1
          123.651983            0.504120                   1
          125.646988            0.549100                   1
          145.606498            0.596950                   1
          149.591397            1.355920                   1
          157.576196            0.626860                   1
          167.556011            0.590750                   1
          179.545755            0.880630                   1
          185.525548            0.844650                   1
          189.510462            0.443670                   1
          195.495369            0.538520                   1
          219.464826            0.472380                   1
          225.444734            0.668220                   1
          233.439560            1.409130                   1
          241.409330            0.671140                   1
          251.404099            0.636090                   1
          255.383975            0.624040                   1
          259.358933            0.425020                   1
          273.333589            0.649970                   1
          275.318595            0.768800                   1
          279.303426            0.615920                   1
          281.288368            0.582890                   1
          289.268256            0.674770                   1
          295.223287            0.543550                   1
          299.223085            0.895560                   1
          309.187864            0.698550                   1
          313.172683            0.665600                   1
          321.152565            0.597470                   1
          333.117239            1.248370                   1
          339.117145            0.728330                   1
          341.102164            0.871240                   1
