           14.014394            0.673100    1
           67.863224            1.513450    1
           77.842987            1.034590    1
           99.762513            1.513450    1
          179.550728            1.513450    1
          235.434443            0.502280    1
          299.222872            0.799800    1
          315.172574            1.513450    1
          323.152458            0.653510    1
          339.117054            1.513450    1
          341.101955            0.807470    1
