            8.034546            0.669160                   1
           16.004312            0.715140                   1
           17.989320            0.458050                   1
           23.984187            0.527040                   1
           29.969036            0.549980                   1
           31.954005            0.580970                   1
           39.948865            0.649860                   1
           43.928730            0.589840                   1
           45.918693            0.591840                   1
           47.903618            0.606840                   1
           57.883406            0.970730                   1
           61.878349            0.639720                   1
           69.848173            0.645620                   1
           79.827955            0.769520                   1
           81.812996            0.568430                   1
           83.797865            0.919500                   1
           85.782822            0.630460                   1
           89.767672            0.661480                   1
          103.747453            0.969300                   1
          107.732309            0.936300                   1
          111.727227            0.717280                   1
          113.702111            0.590310                   1
          115.687149            1.133210                   1
          121.682020            0.810180                   1
          123.666910            0.689200                   1
          125.651849            0.624210                   1
          129.636779            0.583130                   1
          137.631643            0.964030                   1
          145.611438            0.727990                   1
          149.596297            0.663000                   1
          157.591155            0.763890                   1
          165.571045            0.903790                   1
          167.560955            0.761800                   1
          185.535430            0.770760                   1
          189.530511            0.695560                   1
          191.505381            0.912640                   1
          195.500274            1.173620                   1
          207.480038            0.905490                   1
          219.469763            0.763390                   1
          225.454598            0.946360                   1
          233.449474            1.071220                   1
          241.419272            0.717180                   1
          251.409060            0.727080                   1
          255.393981            0.574130                   1
          257.378909            0.765040                   1
          259.368969            0.702910                   1
          267.348694            0.722950                   1
          273.343550            0.639950                   1
          275.328521            0.742870                   1
          279.313461            0.645860                   1
          281.298379            0.820860                   1
          285.283242            0.723840                   1
          289.278248            0.616800                   1
          291.268201            0.554800                   1
          293.253117            0.641780                   1
          295.238098            0.520110                   1
          305.217866            0.884600                   1
          309.202766            0.771670                   1
          313.187666            0.738640                   1
          321.167506            1.086450                   1
          333.132245            0.777460                   1
