           23.974605            0.514680                   1
           41.945357            0.514730                   1
           55.906993            0.514790                   1
           57.888250            0.514680                   1
          109.710199            0.514750                   1
          131.643345            0.514740                   1
          147.617381            0.514780                   1
          153.592040            0.514790                   1
          175.540764            0.514740                   1
          181.499821            0.514780                   1
          187.474529            0.514780                   1
          229.328377            0.514740                   1
          231.309525            0.514840                   1
          271.166691            0.514750                   1
          307.061472            0.514790                   1
          332.988080            0.514770                   1
           39.940427            0.514780                   1
           93.759221            0.514810                   1
           95.740405            0.514770                   1
          101.730688            0.514730                   1
          193.441050            0.514680                   1
          259.240357            0.514800                   1
          285.151383            0.514840                   1
           16.011168            0.514960                   1
           71.854930            0.505020                   1
           75.824805            0.504980                   1
           87.804570            0.520000                   1
          117.718928            0.519940                   1
          137.663386            0.520010                   1
          145.648217            0.514960                   1
          147.633125            0.520110                   1
          163.607873            0.505050                   1
          173.562527            0.520100                   1
          195.492116            0.520040                   1
          217.426605            0.505040                   1
          239.361169            0.504960                   1
          249.340921            0.519970                   1
          287.220045            0.520020                   1
          295.204913            0.505000                   1
          315.149446            0.509990                   1
           45.903838            0.519850                   1
           57.883492            0.504940                   1
           81.797879            0.509960                   1
          125.646988            0.509990                   1
          149.591397            0.509970                   1
          281.288368            0.520030                   1
          299.223085            0.504900                   1
          309.187864            0.519910                   1
          339.117145            0.504990                   1
          341.102164            0.504850                   1
