           13.994502            1.513450    1
           89.792765            0.452340    1
          111.697253            0.523220    1
          181.500752            0.453610    1
          183.485666            0.524610    1
            8.024858            1.513450    1
           14.009787            0.453660    1
           67.853539            0.728280    1
          179.536121            0.530220    1
          309.218036            0.452390    1
           37.943933            0.838870    1
           55.908631            0.505620    1
           57.908528            0.545640    1
          147.676549            0.520050    1
          265.318833            0.584960    1
          279.273488            1.513450    1
            8.034070            1.513480    1
           27.973534            0.537510    1
          103.801867            1.010850    1
          125.721344            0.498680    1
          173.590267            0.548270    1
          199.499655            0.854130    1
          213.464365            0.768940    1
          293.237639            0.585260    1
