            8.039643            0.505040                   1
           10.024600            0.519940                   1
           12.009528            0.520000                   1
           19.979335            0.520000                   1
           23.974262            0.504980                   1
           31.959084            0.519960                   1
           37.953948            0.504970                   1
           39.938918            0.504980                   1
           45.923800            0.504940                   1
           47.908698            0.505110                   1
           57.888504            0.519990                   1
           69.883276            0.504890                   1
           71.868199            0.519950                   1
           73.853163            0.519930                   1
           79.837979            0.520040                   1
           83.822934            0.519960                   1
           85.818048            0.509740                   1
           87.807823            0.504980                   1
           91.777725            0.519990                   1
           93.762699            0.519940                   1
           95.747622            0.520010                   1
          101.732511            0.520030                   1
          105.727420            0.504960                   1
          107.712309            0.510090                   1
          113.682213            0.510080                   1
          115.667183            0.519990                   1
          119.667076            0.504980                   1
          123.651984            0.505000                   1
          125.636985            0.504920                   1
          127.621961            0.519940                   1
          137.601697            0.519970                   1
          139.601650            0.505010                   1
          149.581407            0.510010                   1
          157.566314            0.519970                   1
          159.551160            0.520110                   1
          167.546041            0.505000                   1
          169.530938            0.505100                   1
          177.515781            0.520030                   1
          189.480571            0.504950                   1
          193.465451            0.519990                   1
          197.450390            0.520080                   1
          199.435318            0.520020                   1
          203.420266            0.519990                   1
          205.420230            0.504970                   1
          213.400003            0.519990                   1
          219.384848            0.519980                   1
          227.379700            0.504940                   1
          233.359545            0.509960                   1
          241.344341            0.520010                   1
          243.329297            0.519970                   1
          249.324149            0.509990                   1
          255.309033            0.520050                   1
          259.294011            0.519970                   1
          261.278885            0.519970                   1
          267.263790            0.520010                   1
          277.258576            0.504930                   1
          281.243475            0.514910                   1
          289.223309            0.519940                   1
          293.223224            0.504920                   1
          297.203125            0.510000                   1
          299.193083            0.504930                   1
          303.172938            0.520060                   1
          307.172884            0.504940                   1
          313.157800            0.504860                   1
          317.142666            0.504940                   1
          329.122365            0.519910                   1
          341.112223            0.509880                   1
           10.014876            0.515020                   1
           15.994768            0.504910                   1
           25.974508            0.520000                   1
           29.959399            0.520030                   1
           31.944359            0.520030                   1
           41.939164            0.504940                   1
           47.918987            0.520020                   1
           49.903940            0.520040                   1
           51.903939            0.504950                   1
           57.883775            0.509960                   1
           59.873801            0.504970                   1
           75.848418            0.504900                   1
           81.828219            0.520130                   1
           83.813231            0.519970                   1
           85.813110            0.505040                   1
           87.798073            0.505040                   1
           89.783081            0.504910                   1
           91.768045            0.520090                   1
           93.752992            0.509980                   1
           95.737870            0.510080                   1
          105.732719            0.504910                   1
          107.717709            0.504930                   1
          111.702582            0.519880                   1
          117.682424            0.520030                   1
          125.677243            0.510010                   1
          129.662170            0.519930                   1
          135.647015            0.520050                   1
          139.641939            0.505040                   1
          151.621617            0.520050                   1
          153.606657            0.520070                   1
          157.591535            0.519970                   1
          165.586361            0.504880                   1
          167.571327            0.520010                   1
          173.566158            0.505020                   1
          177.551044            0.505010                   1
          187.515891            0.520000                   1
          199.505612            0.509940                   1
          203.490497            0.510000                   1
          207.475411            0.519960                   1
          213.470276            0.504940                   1
          217.455152            0.520080                   1
          225.435070            0.519860                   1
          227.434981            0.505020                   1
          229.419860            0.504940                   1
          237.399784            0.509920                   1
          239.384670            0.520010                   1
          241.369652            0.520180                   1
          245.369617            0.504940                   1
          251.349433            0.509970                   1
          255.334337            0.509990                   1
          267.329232            0.504820                   1
          273.308978            0.519950                   1
          275.293866            0.520050                   1
          277.278874            0.520000                   1
          285.273675            0.510090                   1
          295.253422            0.520040                   1
          301.248302            0.510000                   1
          305.233245            0.509950                   1
          313.203001            0.520120                   1
          319.197921            0.504980                   1
          323.182863            0.504910                   1
          325.167792            0.519880                   1
          327.152743            0.520010                   1
          331.137625            0.519980                   1
          337.132446            0.505030                   1
          339.117458            0.504900                   1
          341.102323            0.520100                   1
            8.034620            0.504970                   1
           10.019559            0.510040                   1
           14.004421            0.510070                   1
           21.989274            0.520000                   1
           23.974275            0.520010                   1
           27.974245            0.504890                   1
           35.954084            0.509870                   1
           45.923740            0.520020                   1
           65.888320            0.520050                   1
           71.873186            0.520010                   1
           83.867945            0.504960                   1
           93.847672            0.510010                   1
           97.832619            0.519990                   1
          103.817539            0.519950                   1
          105.817450            0.504950                   1
          107.792386            0.519960                   1
          109.787386            0.509990                   1
          111.777371            0.504840                   1
          117.757182            0.509960                   1
          121.742064            0.520030                   1
          129.726901            0.519960                   1
          131.726900            0.504850                   1
          137.711681            0.504970                   1
          141.696716            0.504880                   1
          153.661330            0.519910                   1
          155.661359            0.504940                   1
          157.636285            0.520010                   1
          159.631261            0.509940                   1
          163.616103            0.510100                   1
          165.606093            0.504950                   1
          167.590925            0.505070                   1
          177.570825            0.519920                   1
          179.570747            0.505020                   1
          181.545744            0.520020                   1
          187.540613            0.504930                   1
          189.525614            0.504970                   1
          191.510510            0.509980                   1
          201.495293            0.520090                   1
          205.480198            0.519960                   1
          209.475171            0.509920                   1
          211.465068            0.504890                   1
          215.449994            0.504910                   1
          217.434885            0.505020                   1
          229.414634            0.519990                   1
          235.414568            0.504880                   1
          239.399447            0.504880                   1
          241.384459            0.504900                   1
          247.369287            0.504970                   1
          255.349035            0.520030                   1
          257.349066            0.504970                   1
          261.333964            0.504940                   1
          273.303650            0.520030                   1
          277.288709            0.519910                   1
          281.258460            0.519980                   1
          293.253200            0.504980                   1
          295.238143            0.520020                   1
          297.223148            0.509960                   1
          303.208099            0.519880                   1
          307.192889            0.519910                   1
          311.192853            0.504980                   1
          313.177722            0.504940                   1
          317.162646            0.504930                   1
          323.147513            0.519960                   1
          327.132441            0.520050                   1
          335.127241            0.505000                   1
          337.112307            0.504890                   1
           10.019020            0.509980                   1
           18.003794            0.519990                   1
           23.988676            0.520040                   1
           33.968417            0.505070                   1
           41.953196            0.515040                   1
           43.938242            0.519970                   1
           47.923089            0.519960                   1
           53.917963            0.504980                   1
           55.903023            0.504960                   1
           65.887738            0.519960                   1
           67.872661            0.519990                   1
           73.867533            0.504970                   1
           81.852327            0.504940                   1
           85.837225            0.520030                   1
           91.817107            0.520000                   1
           93.807065            0.514960                   1
          109.781678            0.510120                   1
          113.766613            0.519960                   1
          115.751691            0.519840                   1
          117.741491            0.520050                   1
          121.726491            0.515060                   1
          131.706232            0.520080                   1
          143.685954            0.519990                   1
          147.685890            0.504990                   1
          149.670857            0.504960                   1
          157.650697            0.509910                   1
          159.640649            0.514970                   1
          163.620527            0.519960                   1
          165.610398            0.520020                   1
          167.595473            0.519980                   1
          177.575170            0.520070                   1
          179.560161            0.509920                   1
          181.545077            0.520010                   1
          189.529973            0.519930                   1
          193.529826            0.505030                   1
          197.514775            0.504940                   1
          203.484648            0.519930                   1
          215.464392            0.504890                   1
          221.449178            0.504940                   1
          229.429062            0.519950                   1
          231.413962            0.520040                   1
          235.398876            0.520010                   1
          241.398763            0.505000                   1
          243.383781            0.504960                   1
          245.368669            0.504960                   1
          247.353637            0.519960                   1
          251.338523            0.520050                   1
          259.323366            0.519930                   1
          261.308344            0.519950                   1
          271.303141            0.504890                   1
          277.282910            0.520040                   1
          285.267854            0.519850                   1
          287.267729            0.504940                   1
          289.252681            0.504970                   1
          297.222591            0.519880                   1
          309.202371            0.519870                   1
          313.202194            0.504930                   1
          315.187067            0.504960                   1
          321.171901            0.505050                   1
          323.156933            0.519980                   1
          325.141898            0.519880                   1
          327.126814            0.520010                   1
          339.121522            0.504990                   1
          341.106438            0.505020                   1
