            8.039643            0.505040                   1
           12.009528            0.520000                   1
           31.959084            0.519960                   1
           45.923800            0.504940                   1
           57.888504            0.519990                   1
           69.883276            0.504890                   1
           87.807823            0.504980                   1
          105.727420            0.504960                   1
          107.712309            0.510090                   1
          113.682213            0.510080                   1
          119.667076            0.504980                   1
          123.651984            0.505000                   1
          139.601650            0.505010                   1
          149.581407            0.510010                   1
          159.551160            0.520110                   1
          205.420230            0.504970                   1
          213.400003            0.519990                   1
          227.379700            0.504940                   1
          255.309033            0.520050                   1
          293.223224            0.504920                   1
          299.193083            0.504930                   1
          303.172938            0.520060                   1
           25.974508            0.520000                   1
           29.959399            0.520030                   1
           31.944359            0.520030                   1
           49.903940            0.520040                   1
           59.873801            0.504970                   1
           81.828219            0.520130                   1
           89.783081            0.504910                   1
          111.702582            0.519880                   1
          125.677243            0.510010                   1
          129.662170            0.519930                   1
          135.647015            0.520050                   1
          151.621617            0.520050                   1
          153.606657            0.520070                   1
          157.591535            0.519970                   1
          167.571327            0.520010                   1
          187.515891            0.520000                   1
          239.384670            0.520010                   1
          251.349433            0.509970                   1
          275.293866            0.520050                   1
          277.278874            0.520000                   1
          305.233245            0.509950                   1
          313.203001            0.520120                   1
          323.182863            0.504910                   1
          337.132446            0.505030                   1
           10.019559            0.510040                   1
           23.974275            0.520010                   1
           45.923740            0.520020                   1
           65.888320            0.520050                   1
          105.817450            0.504950                   1
          109.787386            0.509990                   1
          121.742064            0.520030                   1
          129.726901            0.519960                   1
          153.661330            0.519910                   1
          155.661359            0.504940                   1
          177.570825            0.519920                   1
          201.495293            0.520090                   1
          217.434885            0.505020                   1
          241.384459            0.504900                   1
          273.303650            0.520030                   1
          293.253200            0.504980                   1
          297.223148            0.509960                   1
          307.192889            0.519910                   1
          323.147513            0.519960                   1
          327.132441            0.520050                   1
          335.127241            0.505000                   1
           18.003794            0.519990                   1
           53.917963            0.504980                   1
           55.903023            0.504960                   1
           73.867533            0.504970                   1
           81.852327            0.504940                   1
          109.781678            0.510120                   1
          121.726491            0.515060                   1
          143.685954            0.519990                   1
          147.685890            0.504990                   1
          179.560161            0.509920                   1
          229.429062            0.519950                   1
          235.398876            0.520010                   1
          243.383781            0.504960                   1
          247.353637            0.519960                   1
          251.338523            0.520050                   1
          277.282910            0.520040                   1
          287.267729            0.504940                   1
          297.222591            0.519880                   1
          309.202371            0.519870                   1
          323.156933            0.519980                   1
          339.121522            0.504990                   1
          341.106438            0.505020                   1
