           13.994502            0.519920    1
           89.792765            0.504990    1
          111.697253            0.520010    1
          181.500752            0.514960    1
          183.485666            0.520010    1
            8.024858            0.510030    1
           14.009787            0.504980    1
           67.853539            0.520020    1
          179.536121            0.504880    1
          309.218036            0.520080    1
           37.943933            0.504990    1
           55.908631            0.519930    1
           57.908528            0.504970    1
          147.676549            0.519950    1
          265.318833            0.505060    1
          279.273488            0.520030    1
            8.034070            0.504890    1
           27.973534            0.519990    1
          103.801867            0.504990    1
          125.721344            0.504950    1
          173.590267            0.504920    1
          199.499655            0.505070    1
          213.464365            0.520060    1
          293.237639            0.504910    1
