           10.024600            0.455020                   1
           37.953948            0.556850                   1
           73.853163            0.480530                   1
           79.837979            0.879500                   1
           83.822934            0.638390                   1
           85.818048            0.467200                   1
           93.762699            0.506280                   1
          115.667183            0.489150                   1
          127.621961            0.542020                   1
          137.601697            0.520080                   1
          167.546041            0.864730                   1
          169.530938            0.391820                   1
          193.465451            0.600450                   1
          233.359545            0.609230                   1
          241.344341            0.768070                   1
          249.324149            0.532090                   1
          261.278885            0.553000                   1
          267.263790            0.647890                   1
          277.258576            0.708810                   1
          289.223309            0.663720                   1
          317.142666            0.471530                   1
          341.112223            0.693170                   1
           10.014876            0.544740                   1
           41.939164            0.699450                   1
           47.918987            0.591430                   1
           57.883775            0.794390                   1
           85.813110            0.672150                   1
           93.752992            0.516020                   1
           95.737870            0.515070                   1
          117.682424            0.961850                   1
          139.641939            0.545640                   1
          165.586361            0.584420                   1
          177.551044            0.571370                   1
          203.490497            0.607080                   1
          217.455152            0.650010                   1
          227.434981            0.637870                   1
          241.369652            0.582850                   1
          267.329232            0.958390                   1
          273.308978            0.610520                   1
          285.273675            0.677440                   1
          295.253422            0.537390                   1
          319.197921            0.600160                   1
          331.137625            0.612090                   1
          339.117458            0.752000                   1
           27.974245            0.488870                   1
           83.867945            0.713430                   1
           93.847672            0.605410                   1
          103.817539            0.523190                   1
          137.711681            0.491970                   1
          141.696716            0.506850                   1
          157.636285            0.574790                   1
          165.606093            0.588710                   1
          181.545744            0.616570                   1
          187.540613            0.469520                   1
          191.510510            0.427530                   1
          211.465068            0.648300                   1
          215.449994            1.095290                   1
          229.414634            0.706210                   1
          235.414568            0.746060                   1
          239.399447            1.105130                   1
          247.369287            0.527030                   1
          255.349035            0.674990                   1
          261.333964            0.593910                   1
          277.288709            0.520050                   1
          281.258460            0.556830                   1
          295.238143            0.672710                   1
          311.192853            0.557530                   1
          317.162646            0.483540                   1
           10.019020            0.510100                   1
           43.938242            0.564380                   1
           65.887738            0.582150                   1
           67.872661            0.501160                   1
           85.837225            0.656050                   1
           91.817107            0.611990                   1
          113.766613            0.645780                   1
          117.741491            0.520170                   1
          131.706232            0.801590                   1
          157.650697            0.648370                   1
          165.610398            0.560410                   1
          167.595473            0.719250                   1
          177.575170            0.723240                   1
          181.545077            0.561210                   1
          189.529973            0.600080                   1
          197.514775            0.623010                   1
          203.484648            0.644980                   1
          231.413962            0.730800                   1
          245.368669            0.671670                   1
          259.323366            0.596560                   1
          261.308344            0.747460                   1
          271.303141            0.608430                   1
          289.252681            0.778260                   1
          325.141898            0.472020                   1
