            8.039643            0.456020                   1
           10.024600            0.455020                   1
           12.009528            0.486050                   1
           19.979335            0.620010                   1
           23.974262            0.632930                   1
           31.959084            0.623850                   1
           37.953948            0.556850                   1
           39.938918            0.539830                   1
           45.923800            0.610700                   1
           47.908698            1.001730                   1
           57.888504            0.653630                   1
           69.883276            0.562510                   1
           71.868199            0.689510                   1
           73.853163            0.480530                   1
           79.837979            0.879500                   1
           83.822934            0.638390                   1
           85.818048            0.467200                   1
           87.807823            0.445360                   1
           91.777725            0.531350                   1
           93.762699            0.506280                   1
           95.747622            0.497330                   1
          101.732511            0.584270                   1
          105.727420            0.365200                   1
          107.712309            0.492230                   1
          113.682213            0.514200                   1
          115.667183            0.489150                   1
          119.667076            0.713150                   1
          123.651984            0.600120                   1
          125.636985            0.559050                   1
          127.621961            0.542020                   1
          137.601697            0.520080                   1
          139.601650            0.705930                   1
          149.581407            0.733890                   1
          157.566314            0.652740                   1
          159.551160            0.555800                   1
          167.546041            0.864730                   1
          169.530938            0.391820                   1
          177.515781            0.742620                   1
          189.480571            0.769470                   1
          193.465451            0.600450                   1
          197.450390            0.671410                   1
          199.435318            0.670410                   1
          203.420266            0.597320                   1
          205.420230            0.469360                   1
          213.400003            0.673310                   1
          219.384848            0.760270                   1
          227.379700            0.725490                   1
          233.359545            0.609230                   1
          241.344341            0.768070                   1
          243.329297            0.887080                   1
          249.324149            0.532090                   1
          255.309033            0.746990                   1
          259.294011            0.641920                   1
          261.278885            0.553000                   1
          267.263790            0.647890                   1
          277.258576            0.708810                   1
          281.243475            0.731790                   1
          289.223309            0.663720                   1
          293.223224            0.487680                   1
          297.203125            0.667640                   1
          299.193083            0.517620                   1
          303.172938            0.617650                   1
          307.172884            0.537550                   1
          313.157800            0.576460                   1
          317.142666            0.471530                   1
          329.122365            0.659430                   1
          341.112223            0.693170                   1
           10.014876            0.544740                   1
           15.994768            0.836670                   1
           25.974508            0.720610                   1
           29.959399            0.727580                   1
           31.944359            0.910570                   1
           41.939164            0.699450                   1
           47.918987            0.591430                   1
           49.903940            0.838440                   1
           51.903939            0.742400                   1
           57.883775            0.794390                   1
           59.873801            0.580220                   1
           75.848418            0.757200                   1
           81.828219            0.641180                   1
           83.813231            0.584070                   1
           85.813110            0.672150                   1
           87.798073            0.959140                   1
           89.783081            0.582030                   1
           91.768045            0.621010                   1
           93.752992            0.516020                   1
           95.737870            0.515070                   1
          105.732719            1.295930                   1
          107.717709            0.598870                   1
          111.702582            0.941920                   1
          117.682424            0.961850                   1
          125.677243            0.566760                   1
          129.662170            0.645720                   1
          135.647015            0.660670                   1
          139.641939            0.545640                   1
          151.621617            1.101580                   1
          153.606657            0.620500                   1
          157.591535            0.627500                   1
          165.586361            0.584420                   1
          167.571327            0.567390                   1
          173.566158            0.628380                   1
          177.551044            0.571370                   1
          187.515891            0.838190                   1
          199.505612            0.672120                   1
          203.490497            0.607080                   1
          207.475411            0.838060                   1
          213.470276            0.939030                   1
          217.455152            0.650010                   1
          225.435070            0.597900                   1
          227.434981            0.637870                   1
          229.419860            0.828920                   1
          237.399784            0.912770                   1
          239.384670            0.807820                   1
          241.369652            0.582850                   1
          245.369617            0.934730                   1
          251.349433            0.738680                   1
          255.334337            0.657690                   1
          267.329232            0.958390                   1
          273.308978            0.610520                   1
          275.293866            0.561580                   1
          277.278874            0.408540                   1
          285.273675            0.677440                   1
          295.253422            0.537390                   1
          301.248302            0.430350                   1
          305.233245            0.573220                   1
          313.203001            0.595280                   1
          319.197921            0.600160                   1
          323.182863            0.719090                   1
          325.167792            0.662090                   1
          327.152743            0.485070                   1
          331.137625            0.612090                   1
          337.132446            0.625090                   1
          339.117458            0.752000                   1
          341.102323            0.655150                   1
            8.034620            0.661100                   1
           10.019559            0.468070                   1
           14.004421            0.579100                   1
           21.989274            0.554030                   1
           23.974275            0.520150                   1
           27.974245            0.488870                   1
           35.954084            0.620780                   1
           45.923740            0.474820                   1
           65.888320            0.589590                   1
           71.873186            0.556540                   1
           83.867945            0.713430                   1
           93.847672            0.605410                   1
           97.832619            0.692320                   1
          103.817539            0.523190                   1
          105.817450            0.531200                   1
          107.792386            0.572230                   1
          109.787386            0.577150                   1
          111.777371            0.515100                   1
          117.757182            1.087160                   1
          121.742064            0.520160                   1
          129.726901            0.485000                   1
          131.726900            0.580980                   1
          137.711681            0.491970                   1
          141.696716            0.506850                   1
          153.661330            0.653840                   1
          155.661359            0.533770                   1
          157.636285            0.574790                   1
          159.631261            0.467740                   1
          163.616103            0.618750                   1
          165.606093            0.588710                   1
          167.590925            1.059860                   1
          177.570825            0.567600                   1
          179.570747            0.615640                   1
          181.545744            0.616570                   1
          187.540613            0.469520                   1
          189.525614            0.644460                   1
          191.510510            0.427530                   1
          201.495293            0.722410                   1
          205.480198            0.601360                   1
          209.475171            0.606280                   1
          211.465068            0.648300                   1
          215.449994            1.095290                   1
          217.434885            0.566320                   1
          229.414634            0.706210                   1
          235.414568            0.746060                   1
          239.399447            1.105130                   1
          241.384459            0.792000                   1
          247.369287            0.527030                   1
          255.349035            0.674990                   1
          257.349066            0.635000                   1
          261.333964            0.593910                   1
          273.303650            0.607890                   1
          277.288709            0.520050                   1
          281.258460            0.556830                   1
          293.253200            0.553690                   1
          295.238143            0.672710                   1
          297.223148            0.519640                   1
          303.208099            0.622520                   1
          307.192889            0.613620                   1
          311.192853            0.557530                   1
          313.177722            0.596570                   1
          317.162646            0.483540                   1
          323.147513            0.570480                   1
          327.132441            0.553400                   1
          335.127241            0.750380                   1
          337.112307            0.685250                   1
           10.019020            0.510100                   1
           18.003794            0.555580                   1
           23.988676            0.530530                   1
           33.968417            0.910530                   1
           41.953196            0.693440                   1
           43.938242            0.564380                   1
           47.923089            0.587380                   1
           53.917963            0.696330                   1
           55.903023            0.711170                   1
           65.887738            0.582150                   1
           67.872661            0.501160                   1
           73.867533            0.674120                   1
           81.852327            1.041090                   1
           85.837225            0.656050                   1
           91.817107            0.611990                   1
           93.807065            0.893950                   1
          109.781678            0.742840                   1
          113.766613            0.645780                   1
          115.751691            0.612680                   1
          117.741491            0.520170                   1
          121.726491            0.493660                   1
          131.706232            0.801590                   1
          143.685954            0.845500                   1
          147.685890            0.541460                   1
          149.670857            0.724440                   1
          157.650697            0.648370                   1
          159.640649            0.842320                   1
          163.620527            0.838320                   1
          165.610398            0.560410                   1
          167.595473            0.719250                   1
          177.575170            0.723240                   1
          179.560161            0.778190                   1
          181.545077            0.561210                   1
          189.529973            0.600080                   1
          193.529826            0.840100                   1
          197.514775            0.623010                   1
          203.484648            0.644980                   1
          215.464392            0.768860                   1
          221.449178            0.839930                   1
          229.429062            0.755760                   1
          231.413962            0.730800                   1
          235.398876            0.529850                   1
          241.398763            0.737680                   1
          243.383781            0.704610                   1
          245.368669            0.671670                   1
          247.353637            0.462670                   1
          251.338523            0.533680                   1
          259.323366            0.596560                   1
          261.308344            0.747460                   1
          271.303141            0.608430                   1
          277.282910            0.636500                   1
          285.267854            0.923230                   1
          287.267729            0.611350                   1
          289.252681            0.778260                   1
          297.222591            0.520200                   1
          309.202371            0.724060                   1
          313.202194            0.604080                   1
          315.187067            0.619130                   1
          321.171901            1.346060                   1
          323.156933            0.473030                   1
          325.141898            0.472020                   1
          327.126814            0.974950                   1
          339.121522            0.667930                   1
          341.106438            0.794970                   1
