file version= 2.0
gentask.....= PsychoPy
id..........=
operator....=
doctor......=
referral....=
institution.=
subject.....= P33E_12BEH
age.........=
sex.........=
hand........=
medications.=
class.......=
state.......=
label.......=
date........= 2016_Mar_09_1645
time........=
education...=
occupation..=
  Trial  Resp  Type  Correct      Latency    Stim/Resp
  ----- ----- -----    -----        -----        -----
      1     6    24        1   673.920649         Stim
      2     6    25        1   442.949914         Stim
      3     6    25        1   370.807752         Stim
      4     6    27        1   439.954358         Stim
      5     1    16        1   321.913810         Stim
      6     6    27        1   352.878263         Stim
      7     1    28        0   344.841388         Stim
      8     1    18        1   533.877128         Stim
      9     6    18        0   335.846321         Stim
     10     1    16        1   461.844749         Stim
     11     6    27        1   518.802623         Stim
     12     6    28        1   461.759224         Stim
     13     1    28        0   517.764815         Stim
     14     6    26        1   418.769937         Stim
     15     1    15        1   579.767739         Stim
     16     1    15        1   425.806634         Stim
     17     6    25        1   443.677344         Stim
     18     1    27        0   442.750563         Stim
     19     1    18        1   554.648229         Stim
     20     1    16        1   327.687845         Stim
     21     1    15        1   417.695119         Stim
     22     1    27        0   343.656476         Stim
     23     6    28        1   464.592128         Stim
     24     6    28        1   351.678112         Stim
     25     6    16        0   319.611473         Stim
     26     1    15        1   414.540641         Stim
     27     1    15        1   358.597251         Stim
     28     6    27        1   461.586308         Stim
     29     6    26        1   573.567322         Stim
     30     6    25        1   532.492243         Stim
     31     6    15        0   531.505127         Stim
     32     6    27        1   578.528402         Stim
     33     0    28        0  1463.449000         Stim
     34     6    26        1   368.529052         Stim
     35     6    17        0   306.384622         Stim
     36     1    16        1   448.495986         Stim
     37     1    17        1   703.426510         Stim
     38     6    26        1   422.450317         Stim
     39     1    27        0   328.346855         Stim
     40     6    28       -1   102.434232         Stim
     41     6    26        1   326.366093         Stim
     42     6    27        1   364.395233         Stim
     43     1    18        1   654.255466         Stim
     44     0    28        0  1463.449000         Stim
     45     6    28        1   556.235575         Stim
     46     1    18        1   547.338162         Stim
     47     6    26        1   394.306638         Stim
     48     1    17        1   299.258979         Stim
     49     6    26        1   273.217975         Stim
     50     1    17        1   464.285792         Stim
     51     6    26        1   375.560773         Stim
     52     1    27        0   329.161054         Stim
     53     1    28        0   344.192952         Stim
     54     6    16        0   448.154197         Stim
     55     1    17        1   360.066106         Stim
     56     1    16        1   703.164337         Stim
     57     6    25        1   342.053269         Stim
     58     6    25        1   493.073864         Stim
     59     1    17        1   332.087258         Stim
     60     1    28        0   403.088048         Stim
     61     6    26        1   386.134478         Stim
     62     1    17        1   467.003625         Stim
     63     6    28        1   393.037445         Stim
     64     1    18        1   491.026547         Stim
     65     6    16        0   352.977783         Stim
     66     6    25        1   361.990266         Stim
     67     1    27        0   408.982130         Stim
     68     1    18        1   679.911763         Stim
     69     1    16        1   485.914321         Stim
     70     6    17        0   383.939437         Stim
     71     1    16        1   375.520032         Stim
     72     1    25        0   557.862730         Stim
     73     1    15        1   460.888112         Stim
     74     1    17        1   635.900528         Stim
     75     6    28        1   509.766504         Stim
     76     1    16        1   476.766242         Stim
     77     6    27        1   555.876370         Stim
     78     1    26        0   305.808338         Stim
     79     6    27        1   619.846372         Stim
     80     1    16        1   402.791043         Stim
     81     0    27        0  1463.449000         Stim
     82     1    28        0   327.728897         Stim
     83     1    16        1   593.715489         Stim
     84     6    25        1   391.641986         Stim
     85     1    17        1   566.717225         Stim
     86     6    28        1   429.695695         Stim
     87     1    18        1   814.701553         Stim
     88     6    26        1   428.732216         Stim
     89     1    25        0   390.688148         Stim
     90     1    15        1   444.588887         Stim
     91     6    25        1   979.641908         Stim
     92     1    17        1   738.607197         Stim
     93     1    18        1   580.608995         Stim
     94     1    18        1   546.607622         Stim
     95     1    16        1   545.598426         Stim
     96     6    25        1   376.537003         Stim
     97     1    15        1   545.465628         Stim
     98     6    17        0   384.516654         Stim
     99     1    16        1   457.404595         Stim
    100     6    17        0   672.447751         Stim
    101     6    26        1   463.378293         Stim
    102     1    15        1   534.376595         Stim
    103     1    15        1   663.430292         Stim
    104     6    25        1   310.421409         Stim
    105     1    15        1   398.433615         Stim
    106     6    25        1   635.393598         Stim
    107     6    15        0   485.333994         Stim
    108     0    17        0  1463.449000         Stim
    109     1    18        1   819.342613         Stim
    110     6    26        1   410.355819         Stim
    111     1    27        0   297.311183         Stim
    112     0    16        0  1463.449000         Stim
    113     1    15        1   770.240301         Stim
    114     6    25        1   336.248756         Stim
    115     1    27        0   369.199258         Stim
    116     6    26        1   472.283792         Stim
    117     6    25        1   640.248626         Stim
    118     1    27        0   349.243600         Stim
    119     6    18        0   367.151941         Stim
    120     6    18        0   334.207659         Stim
    121     1    16        1   437.174324         Stim
    122     1    15        1   636.118229         Stim
    123     1    17        1   731.193256         Stim
    124     1    26        0   508.097053         Stim
    125     1    15        1   707.105335         Stim
    126     6    27        1   506.076483         Stim
    127     1    18        1   593.137339         Stim
    128     6    28        1   704.091118         Stim
    129     1    18        1   618.086109         Stim
    130     6    26        1   432.955603         Stim
    131     1    25        0   576.010231         Stim
    132     1    17        1   615.005027         Stim
    133     0    28        0  1463.449000         Stim
    134     6    26        1   502.938177         Stim
    135     1    27        0   390.704009         Stim
    136     1    18        1   604.961577         Stim
    137     6    28        1   517.896057         Stim
    138     1    16        1   484.915699         Stim
    139     6    25        1   468.866518         Stim
    140     6    25        1   505.870290         Stim
    141     1    17        1   554.996549         Stim
    142     1    16        1   488.828085         Stim
    143     1    27        0   362.795758         Stim
    144     1    16        1   457.800810         Stim
    145     6    17        0   368.749862         Stim
    146     1    16        1   375.823568         Stim
    147     6    27        1   710.810595         Stim
    148     6    26        1   583.755387         Stim
    149     6    17        0   519.786007         Stim
    150     0    18        0  1463.449000         Stim
    151     0    18        0  1463.449000         Stim
    152     6    26        1   381.680951         Stim
    153     1    15        1   492.658989         Stim
    154     6    17        0   371.670157         Stim
    155     1    16        1   346.716721         Stim
    156     1    17        1   619.700513         Stim
