           19.979335            0.620010                   1
           23.974262            0.632930                   1
           39.938918            0.539830                   1
           47.908698            1.001730                   1
           71.868199            0.689510                   1
           91.777725            0.531350                   1
           95.747622            0.497330                   1
          101.732511            0.584270                   1
          125.636985            0.559050                   1
          157.566314            0.652740                   1
          177.515781            0.742620                   1
          189.480571            0.769470                   1
          197.450390            0.671410                   1
          199.435318            0.670410                   1
          203.420266            0.597320                   1
          219.384848            0.760270                   1
          243.329297            0.887080                   1
          259.294011            0.641920                   1
          281.243475            0.731790                   1
          297.203125            0.667640                   1
          307.172884            0.537550                   1
          313.157800            0.576460                   1
          329.122365            0.659430                   1
           15.994768            0.836670                   1
           51.903939            0.742400                   1
           75.848418            0.757200                   1
           83.813231            0.584070                   1
           87.798073            0.959140                   1
           91.768045            0.621010                   1
          105.732719            1.295930                   1
          107.717709            0.598870                   1
          173.566158            0.628380                   1
          199.505612            0.672120                   1
          207.475411            0.838060                   1
          213.470276            0.939030                   1
          225.435070            0.597900                   1
          229.419860            0.828920                   1
          237.399784            0.912770                   1
          245.369617            0.934730                   1
          255.334337            0.657690                   1
          301.248302            0.430350                   1
          325.167792            0.662090                   1
          327.152743            0.485070                   1
          341.102323            0.655150                   1
            8.034620            0.661100                   1
           14.004421            0.579100                   1
           21.989274            0.554030                   1
           35.954084            0.620780                   1
           71.873186            0.556540                   1
           97.832619            0.692320                   1
          107.792386            0.572230                   1
          111.777371            0.515100                   1
          117.757182            1.087160                   1
          131.726900            0.580980                   1
          159.631261            0.467740                   1
          163.616103            0.618750                   1
          167.590925            1.059860                   1
          179.570747            0.615640                   1
          189.525614            0.644460                   1
          205.480198            0.601360                   1
          209.475171            0.606280                   1
          257.349066            0.635000                   1
          303.208099            0.622520                   1
          313.177722            0.596570                   1
          337.112307            0.685250                   1
           23.988676            0.530530                   1
           33.968417            0.910530                   1
           41.953196            0.693440                   1
           47.923089            0.587380                   1
           93.807065            0.893950                   1
          115.751691            0.612680                   1
          149.670857            0.724440                   1
          159.640649            0.842320                   1
          163.620527            0.838320                   1
          193.529826            0.840100                   1
          215.464392            0.768860                   1
          221.449178            0.839930                   1
          241.398763            0.737680                   1
          285.267854            0.923230                   1
          313.202194            0.604080                   1
          315.187067            0.619130                   1
          321.171901            1.346060                   1
          327.126814            0.974950                   1
