           89.792765            0.504990    1
           14.009787            0.504980    1
           67.853539            0.520020    1
          179.536121            0.504880    1
           37.943933            0.504990    1
          265.318833            0.505060    1
          279.273488            0.520030    1
            8.034070            0.504890    1
          125.721344            0.504950    1
          173.590267            0.504920    1
          199.499655            0.505070    1
          213.464365            0.520060    1
          293.237639            0.504910    1
