            8.039643            0.456020                   1
           12.009528            0.486050                   1
           31.959084            0.623850                   1
           45.923800            0.610700                   1
           57.888504            0.653630                   1
           69.883276            0.562510                   1
           87.807823            0.445360                   1
          105.727420            0.365200                   1
          107.712309            0.492230                   1
          113.682213            0.514200                   1
          119.667076            0.713150                   1
          123.651984            0.600120                   1
          139.601650            0.705930                   1
          149.581407            0.733890                   1
          159.551160            0.555800                   1
          205.420230            0.469360                   1
          213.400003            0.673310                   1
          227.379700            0.725490                   1
          255.309033            0.746990                   1
          293.223224            0.487680                   1
          299.193083            0.517620                   1
          303.172938            0.617650                   1
           25.974508            0.720610                   1
           29.959399            0.727580                   1
           31.944359            0.910570                   1
           49.903940            0.838440                   1
           59.873801            0.580220                   1
           81.828219            0.641180                   1
           89.783081            0.582030                   1
          111.702582            0.941920                   1
          125.677243            0.566760                   1
          129.662170            0.645720                   1
          135.647015            0.660670                   1
          151.621617            1.101580                   1
          153.606657            0.620500                   1
          157.591535            0.627500                   1
          167.571327            0.567390                   1
          187.515891            0.838190                   1
          239.384670            0.807820                   1
          251.349433            0.738680                   1
          275.293866            0.561580                   1
          277.278874            0.408540                   1
          305.233245            0.573220                   1
          313.203001            0.595280                   1
          323.182863            0.719090                   1
          337.132446            0.625090                   1
           10.019559            0.468070                   1
           23.974275            0.520150                   1
           45.923740            0.474820                   1
           65.888320            0.589590                   1
          105.817450            0.531200                   1
          109.787386            0.577150                   1
          121.742064            0.520160                   1
          129.726901            0.485000                   1
          153.661330            0.653840                   1
          155.661359            0.533770                   1
          177.570825            0.567600                   1
          201.495293            0.722410                   1
          217.434885            0.566320                   1
          241.384459            0.792000                   1
          273.303650            0.607890                   1
          293.253200            0.553690                   1
          297.223148            0.519640                   1
          307.192889            0.613620                   1
          323.147513            0.570480                   1
          327.132441            0.553400                   1
          335.127241            0.750380                   1
           18.003794            0.555580                   1
           53.917963            0.696330                   1
           55.903023            0.711170                   1
           73.867533            0.674120                   1
           81.852327            1.041090                   1
          109.781678            0.742840                   1
          121.726491            0.493660                   1
          143.685954            0.845500                   1
          147.685890            0.541460                   1
          179.560161            0.778190                   1
          229.429062            0.755760                   1
          235.398876            0.529850                   1
          243.383781            0.704610                   1
          247.353637            0.462670                   1
          251.338523            0.533680                   1
          277.282910            0.636500                   1
          287.267729            0.611350                   1
          297.222591            0.520200                   1
          309.202371            0.724060                   1
          323.156933            0.473030                   1
          339.121522            0.667930                   1
          341.106438            0.794970                   1
