           10.024600            0.519940                   1
           37.953948            0.504970                   1
           73.853163            0.519930                   1
           79.837979            0.520040                   1
           83.822934            0.519960                   1
           85.818048            0.509740                   1
           93.762699            0.519940                   1
          115.667183            0.519990                   1
          127.621961            0.519940                   1
          137.601697            0.519970                   1
          167.546041            0.505000                   1
          169.530938            0.505100                   1
          193.465451            0.519990                   1
          233.359545            0.509960                   1
          241.344341            0.520010                   1
          249.324149            0.509990                   1
          261.278885            0.519970                   1
          267.263790            0.520010                   1
          277.258576            0.504930                   1
          289.223309            0.519940                   1
          317.142666            0.504940                   1
          341.112223            0.509880                   1
           10.014876            0.515020                   1
           41.939164            0.504940                   1
           47.918987            0.520020                   1
           57.883775            0.509960                   1
           85.813110            0.505040                   1
           93.752992            0.509980                   1
           95.737870            0.510080                   1
          117.682424            0.520030                   1
          139.641939            0.505040                   1
          165.586361            0.504880                   1
          177.551044            0.505010                   1
          203.490497            0.510000                   1
          217.455152            0.520080                   1
          227.434981            0.505020                   1
          241.369652            0.520180                   1
          267.329232            0.504820                   1
          273.308978            0.519950                   1
          285.273675            0.510090                   1
          295.253422            0.520040                   1
          319.197921            0.504980                   1
          331.137625            0.519980                   1
          339.117458            0.504900                   1
           27.974245            0.504890                   1
           83.867945            0.504960                   1
           93.847672            0.510010                   1
          103.817539            0.519950                   1
          137.711681            0.504970                   1
          141.696716            0.504880                   1
          157.636285            0.520010                   1
          165.606093            0.504950                   1
          181.545744            0.520020                   1
          187.540613            0.504930                   1
          191.510510            0.509980                   1
          211.465068            0.504890                   1
          215.449994            0.504910                   1
          229.414634            0.519990                   1
          235.414568            0.504880                   1
          239.399447            0.504880                   1
          247.369287            0.504970                   1
          255.349035            0.520030                   1
          261.333964            0.504940                   1
          277.288709            0.519910                   1
          281.258460            0.519980                   1
          295.238143            0.520020                   1
          311.192853            0.504980                   1
          317.162646            0.504930                   1
           10.019020            0.509980                   1
           43.938242            0.519970                   1
           65.887738            0.519960                   1
           67.872661            0.519990                   1
           85.837225            0.520030                   1
           91.817107            0.520000                   1
          113.766613            0.519960                   1
          117.741491            0.520050                   1
          131.706232            0.520080                   1
          157.650697            0.509910                   1
          165.610398            0.520020                   1
          167.595473            0.519980                   1
          177.575170            0.520070                   1
          181.545077            0.520010                   1
          189.529973            0.519930                   1
          197.514775            0.504940                   1
          203.484648            0.519930                   1
          231.413962            0.520040                   1
          245.368669            0.504960                   1
          259.323366            0.519930                   1
          261.308344            0.519950                   1
          271.303141            0.504890                   1
          289.252681            0.504970                   1
          325.141898            0.519880                   1
