           19.979335            0.520000                   1
           23.974262            0.504980                   1
           39.938918            0.504980                   1
           47.908698            0.505110                   1
           71.868199            0.519950                   1
           91.777725            0.519990                   1
           95.747622            0.520010                   1
          101.732511            0.520030                   1
          125.636985            0.504920                   1
          157.566314            0.519970                   1
          177.515781            0.520030                   1
          189.480571            0.504950                   1
          197.450390            0.520080                   1
          199.435318            0.520020                   1
          203.420266            0.519990                   1
          219.384848            0.519980                   1
          243.329297            0.519970                   1
          259.294011            0.519970                   1
          281.243475            0.514910                   1
          297.203125            0.510000                   1
          307.172884            0.504940                   1
          313.157800            0.504860                   1
          329.122365            0.519910                   1
           15.994768            0.504910                   1
           51.903939            0.504950                   1
           75.848418            0.504900                   1
           83.813231            0.519970                   1
           87.798073            0.505040                   1
           91.768045            0.520090                   1
          105.732719            0.504910                   1
          107.717709            0.504930                   1
          173.566158            0.505020                   1
          199.505612            0.509940                   1
          207.475411            0.519960                   1
          213.470276            0.504940                   1
          225.435070            0.519860                   1
          229.419860            0.504940                   1
          237.399784            0.509920                   1
          245.369617            0.504940                   1
          255.334337            0.509990                   1
          301.248302            0.510000                   1
          325.167792            0.519880                   1
          327.152743            0.520010                   1
          341.102323            0.520100                   1
            8.034620            0.504970                   1
           14.004421            0.510070                   1
           21.989274            0.520000                   1
           35.954084            0.509870                   1
           71.873186            0.520010                   1
           97.832619            0.519990                   1
          107.792386            0.519960                   1
          111.777371            0.504840                   1
          117.757182            0.509960                   1
          131.726900            0.504850                   1
          159.631261            0.509940                   1
          163.616103            0.510100                   1
          167.590925            0.505070                   1
          179.570747            0.505020                   1
          189.525614            0.504970                   1
          205.480198            0.519960                   1
          209.475171            0.509920                   1
          257.349066            0.504970                   1
          303.208099            0.519880                   1
          313.177722            0.504940                   1
          337.112307            0.504890                   1
           23.988676            0.520040                   1
           33.968417            0.505070                   1
           41.953196            0.515040                   1
           47.923089            0.519960                   1
           93.807065            0.514960                   1
          115.751691            0.519840                   1
          149.670857            0.504960                   1
          159.640649            0.514970                   1
          163.620527            0.519960                   1
          193.529826            0.505030                   1
          215.464392            0.504890                   1
          221.449178            0.504940                   1
          241.398763            0.505000                   1
          285.267854            0.519850                   1
          313.202194            0.504930                   1
          315.187067            0.504960                   1
          321.171901            0.505050                   1
          327.126814            0.520010                   1
