file version= 2.0
gentask.....= PsychoPy
id..........=
operator....=
doctor......=
referral....=
institution.=
subject.....= P34E2BOLa
age.........=
sex.........=
hand........=
medications.=
class.......=
state.......=
label.......=
date........= 2016_Jan_25_1045
time........=
education...=
occupation..=
  Trial  Resp  Type  Correct      Latency    Stim/Resp
  ----- ----- -----    -----        -----        -----
      1     6   124        1  1022.489689         Stim
      2     6   342        1   659.436423         Stim
      3     1   285        1   545.776007         Stim
      4     1   161        1   705.692770         Stim
      5     6   242        1   716.510612         Stim
      6     6   265        1   594.413375         Stim
      7     1   161        1   689.412517         Stim
      8     1   241        1   781.512513         Stim
      9     0   165        0  1515.793000         Stim
     10     1   241        1   976.215305         Stim
     11     0   161        0  1515.793000         Stim
     12     6   241        1   829.337547         Stim
     13     0   362        0  1515.793000         Stim
     14     1   281        1   622.944870         Stim
     15     0   361        0  1515.793000         Stim
     16     6   181        1   682.840765         Stim
     17     6   346        1   870.071459         Stim
     18     6   381        1   705.151941         Stim
     19     1   284        1   667.964679         Stim
     20     6   362        1   840.693419         Stim
     21     6   281        1   518.676979         Stim
     22     1   162        1   625.800165         Stim
     23     6   144        1   663.847654         Stim
     24     1   141        1   804.522507         Stim
     25     1   341        1   679.338899         Stim
     26     1   182        1   682.147235         Stim
     27     6   246        1   808.493051         Stim
     28     1   161        1   867.605536         Stim
     29     1   344        1  1014.394036         Stim
     30     1   381        1   979.055982         Stim
     31     6   383        1  1141.853234         Stim
     32     6   381        1   751.432857         Stim
     33     1   184        1   674.231028         Stim
     34     0   342        0  1515.793000         Stim
     35     1   282        1   891.903382         Stim
     36     6   161        1   771.272511         Stim
     37     1   342        1   958.021776         Stim
     38     6   183        1   852.387349         Stim
     39     6   243        1   805.594836         Stim
     40     6   161        1   999.094988         Stim
     41     1   242        1   929.903599         Stim
     42     1   361        1   568.269118         Stim
     43     1   283        1   723.032293         Stim
     44     1   262        1   772.241900         Stim
     45     6   361        1   866.576435         Stim
     46     1   283        1  1437.343819         Stim
     47     6   261        1   934.862502         Stim
     48     1   364        1  1049.606444         Stim
     49     6   182        1   910.458916         Stim
     50     1   341        1  1132.424010         Stim
     51     6   281        1   918.777246         Stim
     52     6   163        1   802.274907         Stim
     53     6   345        1  1371.462096         Stim
     54     1   381        1   963.362587         Stim
     55     1   182        1   782.446759         Stim
     56     6   244        1   828.512152         Stim
     57     6   261        1  1265.266003         Stim
     58     6   261        1   940.089176         Stim
     59     1   162        1   670.819663         Stim
     60     6   344        1  1029.211965         Stim
     61     1   382        1   913.972599         Stim
     62     1   282        1   919.866991         Stim
     63     1   363        1   990.211571         Stim
     64     6   181        1   951.469928         Stim
     65     0   343        0  1515.793000         Stim
     66     0   283        0  1515.793000         Stim
     67     1   163        1  1021.232003         Stim
     68     6   241        1  1230.405958         Stim
     69     1   363        1  1201.616332         Stim
     70     6   182        1  1178.737581         Stim
     71     1   146        1   801.051119         Stim
     72     6   143        1   764.225241         Stim
      1     0   123        0  1515.667000         Stim
      2     1   241        1   618.774354         Stim
      3     1   161        1   749.637762         Stim
      4     0   143        0  1515.667000         Stim
      5     6   243        1   921.949762         Stim
      6     1   261        1  1083.406289         Stim
      7     6   164        1   958.282393         Stim
      8     6   142        1  1130.969460         Stim
      9     0   141        0  1515.667000         Stim
     10     6   341        0   924.098153         Stim
     11     1   185        1   726.912646         Stim
     12     6   342        1   758.798282         Stim
     13     6   283        1   780.778241         Stim
     14     1   361        1   862.378240         Stim
     15     6   184        1  1065.123814         Stim
     16     1   141        1   885.867485         Stim
     17     0   241        0  1515.667000         Stim
     18     6   361        1  1092.125188         Stim
     19     1   381        1   726.611285         Stim
     20     6   182        1   681.436598         Stim
     21     6   245        1   678.633240         Stim
     22     1   362        1   823.644062         Stim
     23     6   182        1  1261.670838         Stim
     24     6   142        1   747.549394         Stim
     25     1   241        1   777.935075         Stim
     26     6   261        1  1092.796327         Stim
     27     1   163        1   655.451885         Stim
     28     1   141        1   641.047586         Stim
     29     1   241        1  1075.865771         Stim
     30     1   362       -1   118.059208         Stim
     31     1   384        1   812.954352         Stim
     32     1   384        1  1025.740889         Stim
     33     0   282        0  1515.667000         Stim
     34     1   364        1  1452.439162         Stim
     35     0   184        0  1515.667000         Stim
     36     1   341        1  1277.876452         Stim
     37     1   186        1  1064.713604         Stim
     38     6   243        1  1219.769741         Stim
     39     6   262        1  1309.413767         Stim
     40     0   261        0  1515.667000         Stim
     41     1   262        1   846.453148         Stim
     42     0   266        0  1515.667000         Stim
     43     0   366        0  1515.667000         Stim
     44     1   283        1   595.060566         Stim
     45     1   264        1   684.151633         Stim
     46     6   161        1   680.800913         Stim
     47     6   343        1   995.691710         Stim
     48     1   285        1   765.211423         Stim
     49     6   262        1   741.114171         Stim
     50     6   161        1   675.567087         Stim
     51     1   141        1   638.293366         Stim
     52     6   244        1   705.081966         Stim
     53     6   363        1   693.780518         Stim
     54     1   281        1   711.375372         Stim
     55     1   162        1   754.095022         Stim
     56     1   241        1   704.133725         Stim
     57     1   362        1   635.326422         Stim
     58     6   382        1  1369.222582         Stim
     59     6   181        1   926.430034         Stim
     60     6   341        1   914.346733         Stim
     61     6   381        1   685.184466         Stim
     62     1   282        1   768.004829         Stim
     63     6   363        1   750.338446         Stim
     64     1   182        1   863.529875         Stim
     65     1   342        1  1101.827159         Stim
     66     6   281        1   739.867372         Stim
     67     6   363        1   893.661468         Stim
     68     0   181        0  1515.667000         Stim
     69     6   345        1  1114.900065         Stim
     70     1   183        1  1218.251748         Stim
     71     1   341        1   996.396748         Stim
     72     6   381        1  1063.194988         Stim
