file version= 2.0
gentask.....= PsychoPy
id..........=
operator....=
doctor......=
referral....=
institution.=
subject.....= P36Ea1BEH
age.........=
sex.........=
hand........=
medications.=
class.......=
state.......=
label.......=
date........= 2016_Jan_29_1126
time........=
education...=
occupation..=
  Trial  Resp  Type  Correct      Latency    Stim/Resp
  ----- ----- -----    -----        -----        -----
      1     0    19        0  1463.446000         Stim
      2     1    18        1   747.207915         Stim
      3     6    28        1   509.167828         Stim
      4     6    28        1   548.132458         Stim
      5     6    26        1   973.151949         Stim
      6     1    15        1   572.119304         Stim
      7     6    17        0   523.115267         Stim
      8     0    26        0  1463.446000         Stim
      9     1    15        1   475.999625         Stim
     10     1    15        1   564.013076         Stim
     11     6    25        1   530.999752         Stim
     12     1    17        1   746.003721         Stim
     13     6    26        1   896.980464         Stim
     14     6    25        1   795.487943         Stim
     15     1    17        1   760.918372         Stim
     16     0    18        0  1463.446000         Stim
     17     6    26        1   784.827778         Stim
     18     6    27        1  1271.911462         Stim
     19     6    28        1  1112.788683         Stim
     20     1    18        1  1334.815354         Stim
     21     6    26        1   625.001205         Stim
     22     0    15        0  1463.446000         Stim
     23     6    25        1   775.707379         Stim
     24     1    15        1   622.848148         Stim
     25     1    15        1   800.019220         Stim
     26     1    17        1   735.781757         Stim
     27     0    16        0  1463.446000         Stim
     28     6    25        1   766.719464         Stim
     29     0    27        0  1463.446000         Stim
     30     1    16        1  1030.679265         Stim
     31     1    15        1  1189.668003         Stim
     32     0    17        0  1463.446000         Stim
     33     6    26        1   981.647549         Stim
     34     6    27        1   788.680142         Stim
     35     6    26        1   754.617502         Stim
     36     1    17        1   972.627914         Stim
     37     6    26        1   659.622091         Stim
     38     1    15        1   660.607962         Stim
     39     1    17        1   843.646369         Stim
     40     6    28        1   915.578917         Stim
     41     6    28        1   851.545781         Stim
     42     1    16        1   626.566782         Stim
     43     6    25        1   513.583724         Stim
     44     1    15        1   522.496065         Stim
     45     6    17        0   634.507246         Stim
     46     1    18        1   386.508612         Stim
     47     1    16        1   586.520181         Stim
     48     6    27        1   841.376998         Stim
     49     1    18        1   776.423924         Stim
     50     1    18        1   841.422715         Stim
     51     6    28        1   528.412539         Stim
     52     6    26        1   687.399411         Stim
     53     1    15        1   616.445582         Stim
     54     6    25        1   656.401060         Stim
     55     1    15        1   824.331372         Stim
     56     6    25        1   631.349036         Stim
     57     1    17        1   606.321894         Stim
     58     1    18        1   767.356393         Stim
     59     6    26        1   710.253904         Stim
     60     1    15        1   685.330324         Stim
     61     0    27        0  1463.446000         Stim
     62     1    18        1   726.216937         Stim
     63     6    26        1   805.199866         Stim
     64     1    15        1   763.218531         Stim
     65     0    27        0  1463.446000         Stim
     66     1    18        1   780.224350         Stim
     67     6    28        1  1115.169702         Stim
     68     6    28        1  1389.170465         Stim
     69     6    26        1   818.064401         Stim
     70     6    27        1   892.134144         Stim
     71     1    16        1   636.107344         Stim
     72     6    27        1   700.079212         Stim
     73     6    28        1   586.109661         Stim
     74     6    28        1   889.074521         Stim
     75     1    16        1   858.070260         Stim
     76     1    17        1   627.026130         Stim
     77     6    26        1   593.996633         Stim
     78     1    15        1   834.028057         Stim
     79     6    27        1   497.978342         Stim
     80     1    18        1   584.951184         Stim
     81     1    16        1   550.873617         Stim
     82     6    25        1   503.991225         Stim
     83     6    25        1   614.968952         Stim
     84     1    17        1   815.902637         Stim
     85     6    28        1   661.926294         Stim
     86     1    16        1   543.862110         Stim
     87     1    15        1   799.920322         Stim
     88     1    17        1   839.847187         Stim
     89     1    16        1   470.869361         Stim
     90     6    27        1   638.872449         Stim
     91     1    16        1   606.775332         Stim
     92     1    15        1   597.781508         Stim
     93     1    15        1   700.823748         Stim
     94     6    25        1   819.837727         Stim
     95     1    15        1   716.757546         Stim
     96     1    17        1  1029.748752         Stim
     97     6    16        0   676.664296         Stim
     98     1    15        1   507.660720         Stim
     99     1    15        1   650.669631         Stim
    100     1    17        1   564.618282         Stim
    101     6    28        1   540.702345         Stim
    102     1    16        1   553.646808         Stim
    103     1    17        1   763.671659         Stim
    104     0    26        0  1463.446000         Stim
    105     6    25        1   779.528953         Stim
    106     6    27        1   922.575494         Stim
    107     0    28        0  1463.446000         Stim
    108     0    18        0  1463.446000         Stim
    109     1    18        1   730.407979         Stim
    110     6    26        1   767.528688         Stim
    111     1    17        1  1248.469178         Stim
    112     6    28        1   631.416834         Stim
    113     6    26        1   640.519196         Stim
    114     1    15        1   559.443234         Stim
    115     6    27        1   664.383197         Stim
    116     1    18        1   919.426303         Stim
    117     6    28        1   520.389658         Stim
    118     6    28        1   791.384602         Stim
    119     1    16        1   806.372649         Stim
    120     1    15        1   581.348865         Stim
    121     1    27        0   743.390073         Stim
    122     0    28        0  1463.446000         Stim
    123     6    26        1  1142.367006         Stim
    124     0    27        0  1463.446000         Stim
    125     6    26        1   668.254220         Stim
    126     0    25        0  1463.446000         Stim
    127     6    27        1   765.209557         Stim
    128     1    16        1  1004.192598         Stim
    129     6    27        1   851.242245         Stim
    130     1    18        1  1004.238004         Stim
    131     0    16        0  1463.446000         Stim
    132     6    25        1   467.115275         Stim
    133     6    27        1   660.113472         Stim
    134     6    26        1   844.096386         Stim
    135     6    25        1   649.178072         Stim
    136     1    17        1   731.099334         Stim
    137     6    26        1   698.014480         Stim
    138     6    25        1   747.106219         Stim
    139     6    27        1   761.112748         Stim
    140     6    28        1   552.148406         Stim
    141     1    18        1   714.003014         Stim
    142     6    26        1   657.088370         Stim
    143     6    27        1   762.016825         Stim
    144     6    26        1   783.996785         Stim
    145     6    27        1   711.029850         Stim
    146     1    18        1   825.039831         Stim
    147     6    26        1   735.843335         Stim
    148     6    25        1   614.993831         Stim
    149     6    17        0   655.892261         Stim
    150     0    18        0  1463.446000         Stim
    151     6    28        1   551.861042         Stim
    152     1    16        1   678.857161         Stim
    153     1    17        1   582.896715         Stim
    154     1    18        1   622.781284         Stim
    155     1    16        1   549.828343         Stim
    156     1    17        1   525.782407         Stim
