file version= 2.0
gentask.....= PsychoPy
id..........=
operator....=
doctor......=
referral....=
institution.=
subject.....= P41C2BEH
age.........=
sex.........=
hand........=
medications.=
class.......=
state.......=
label.......=
date........= 2016_Mar_04_1635
time........=
education...=
occupation..=
  Trial  Resp  Type  Correct      Latency    Stim/Resp
  ----- ----- -----    -----        -----        -----
      1     6    24        1   719.240590         Stim
      2     6    25        1   504.595088         Stim
      3     6    25        1   446.596525         Stim
      4     6    27        1   487.780642         Stim
      5     1    18        1   520.624248         Stim
      6     6    28        1   540.139143         Stim
      7     6    26        1   472.113492         Stim
      8     6    27        1   476.097145         Stim
      9     1    16        1   448.138795         Stim
     10     6    27        1   534.400182         Stim
     11     1    16        1   468.850124         Stim
     12     1    17        1   622.010083         Stim
     13     1    16        1   577.569750         Stim
     14     1    15        1   530.830475         Stim
     15     1    15        1   656.763565         Stim
     16     1    15        1   545.995043         Stim
     17     6    27        1   602.769182         Stim
     18     6    28        1   558.380476         Stim
     19     6    28        1   514.345072         Stim
     20     6    26        1   502.298322         Stim
     21     1    17        1   634.310301         Stim
     22     1    16        1   544.643729         Stim
     23     6    27        1   737.843932         Stim
     24     1    18        1   474.657196         Stim
     25     1    18        1   643.431745         Stim
     26     6    28        1   620.235492         Stim
     27     6    28        1   514.208230         Stim
     28     6    26        1   478.163147         Stim
     29     1    17        1   556.574475         Stim
     30     1    16        1   474.941764         Stim
     31     1    17        1   510.912207         Stim
     32     1    18        1   680.152952         Stim
     33     1    18        1   664.862427         Stim
     34     6    26        1   550.903934         Stim
     35     6    27        1   576.022193         Stim
     36     1    18        1   576.804369         Stim
     37     1    16        1   473.645188         Stim
     38     6    27        1   565.241852         Stim
     39     6    26        1   526.427276         Stim
     40     6    27        1   562.002121         Stim
     41     6    28        1   581.958954         Stim
     42     6    28        1   604.393246         Stim
     43     1    18        1   589.521644         Stim
     44     0    26        0  1465.796000         Stim
     45     1    15        1   487.479279         Stim
     46     1    15        1   491.547215         Stim
     47     6    27        1   543.492391         Stim
     48     1    16        1   440.667851         Stim
     49     1    15        1   417.514205         Stim
     50     6    27        1   658.201027         Stim
     51     6    26        1   515.017152         Stim
     52     6    27        1   614.584545         Stim
     53     6    26        1   562.570326         Stim
     54     1    17        1   491.740971         Stim
     55     1    18        1   777.782788         Stim
     56     6    26        1   469.757945         Stim
     57     1    27        0   441.728997         Stim
     58     1    18        1   432.143535         Stim
     59     6    26        1   550.493408         Stim
     60     6    25        1   892.916567         Stim
     61     6    25        1   662.085470         Stim
     62     1    15        1   430.874637         Stim
     63     1    17        1   527.640504         Stim
     64     1    18        1   512.408448         Stim
     65     6    26        1   516.071767         Stim
     66     6    25        1   509.132018         Stim
     67     1    15        1   509.965510         Stim
     68     1    17        1   547.967432         Stim
     69     1    18        1   493.090729         Stim
     70     6    28        1   629.903060         Stim
     71     1    18        1   582.726512         Stim
     72     1    16        1   511.540124         Stim
     73     1    15        1   485.487919         Stim
     74     6    27        1   617.412196         Stim
     75     6    26        1   735.860347         Stim
     76     6    25        1   486.180526         Stim
     77     1    27        0   546.210569         Stim
     78     1    16        1   390.163868         Stim
     79     6    27        1   700.561363         Stim
     80     1    18        1   560.513655         Stim
     81     1    18        1   510.975340         Stim
     82     1    18        1   472.082391         Stim
     83     1    18        1   467.755078         Stim
     84     1    16        1   452.925462         Stim
     85     1    15        1   432.447075         Stim
     86     1    15        1   457.725501         Stim
     87     6    25        1   450.559652         Stim
     88     6    25        1   499.289666         Stim
     89     6    27        1   542.810670         Stim
     90     1    16        1   434.747884         Stim
     91     1    15        1   462.795182         Stim
     92     1    15        1   453.165868         Stim
     93     6    25        1   547.548820         Stim
     94     6    25        1   487.580045         Stim
     95     6    27        1   557.883492         Stim
     96     1    16        1   532.318319         Stim
     97     1    17        1   592.268123         Stim
     98     6    28        1   542.658900         Stim
     99     6    26        1   519.830876         Stim
    100     6    25        1   573.824637         Stim
    101     6    25        1   519.000806         Stim
    102     6    27        1   597.014359         Stim
    103     1    16        1   491.459201         Stim
    104     1    15        1   447.348222         Stim
    105     1    17        1   408.546397         Stim
    106     6    26        1   596.175892         Stim
    107     6    25        1   464.162979         Stim
    108     1    15        1   430.533155         Stim
    109     0    17        0  1465.796000         Stim
    110     6    26        1   424.951561         Stim
    111     6    27        1   479.315106         Stim
    112     6    26        1   653.656011         Stim
    113     6    27        1   646.846572         Stim
    114     6    18        0   626.426654         Stim
    115     1    18        1   670.388662         Stim
    116     1    16        1   484.802155         Stim
    117     1    17        1   443.188540         Stim
    118     6    26        1   479.168312         Stim
    119     6    27        1   515.229879         Stim
    120     6    28        1   556.336867         Stim
    121     6    28        1   482.291106         Stim
    122     1    16        1   555.505553         Stim
    123     6    27        1   535.055468         Stim
    124     6    26        1   856.301413         Stim
    125     6    25        1   835.861902         Stim
    126     6    25        1   420.992477         Stim
    127     1    15        1   523.089268         Stim
    128     6    17        0   372.217989         Stim
    129     6    28        1   602.202843         Stim
    130     6    26        1   504.539107         Stim
    131     1    17        1   513.788374         Stim
    132     6    26        1   405.355804         Stim
    133     1    15        1   337.288167         Stim
    134     0    17        0  1465.796000         Stim
    135     0    18        0  1465.796000         Stim
    136     1    16        1   486.923204         Stim
    137     1    17        1   610.851872         Stim
    138     0    28        0  1465.796000         Stim
    139     6    26        1   466.015009         Stim
    140     6    27        1   400.446602         Stim
    141     6    28        1   518.844059         Stim
    142     1    18        1   653.205987         Stim
    143     0    26        0  1465.796000         Stim
    144     6    25        1   396.408523         Stim
    145     1    15        1   474.725305         Stim
    146     1    17        1   561.114515         Stim
    147     1    16        1   458.298060         Stim
    148     6    27        1   504.293725         Stim
    149     6    28        1   380.273622         Stim
    150     1    18        1   440.290602         Stim
    151     0    16        0  1465.796000         Stim
    152     1    15        1   474.558607         Stim
    153     1    17        1   553.033069         Stim
    154     1    16        1   533.021500         Stim
    155     1    15        1   401.037821         Stim
    156     1    17        1   581.008214         Stim
