           10.024989            0.590690                   1
           13.987295            0.420270                   1
           37.932800            0.945990                   1
           73.812496            0.441210                   1
           79.802277            0.691200                   1
           83.795766            0.465650                   1
           85.776922            0.524430                   1
           93.717164            0.391950                   1
          115.603466            0.368940                   1
          127.537188            0.498820                   1
          137.520944            0.610810                   1
          167.456733            0.554080                   1
          169.437871            0.604880                   1
          181.402768            0.599610                   1
          193.352124            0.633880                   1
          233.240387            0.608410                   1
          241.212539            0.803990                   1
          249.183266            0.601010                   1
          261.148258            0.419640                   1
          267.122853            0.628900                   1
          277.106634            0.556810                   1
          289.087237            0.559830                   1
          316.979391            0.546760                   1
          340.940519            0.688890                   1
            8.028610            0.667070                   1
           10.025307            0.462320                   1
           41.926591            0.496010                   1
           47.916813            0.585640                   1
           57.869434            0.544740                   1
           85.777186            0.476090                   1
           93.717427            0.455580                   1
           95.698576            0.602380                   1
          117.631714            0.532560                   1
          139.580416            0.535210                   1
          165.506965            0.639830                   1
          177.471955            0.562480                   1
          203.398558            0.603070                   1
          217.360251            0.609010                   1
          227.328488            0.696410                   1
          241.258920            0.573580                   1
          267.201145            0.742570                   1
          273.191409            0.768090                   1
          285.140762            0.986340                   1
          295.124502            0.602350                   1
          309.086211            0.592180                   1
          319.054387            0.495730                   1
          330.988163            0.665570                   1
          338.959595            0.565880                   1
           27.968346            0.590890                   1
           93.847186            0.558370                   1
          103.817021            0.644330                   1
          137.701436            0.783040                   1
          141.686335            0.606040                   1
          157.646214            0.485790                   1
          165.601058            0.626710                   1
          181.545715            0.577640                   1
          187.530618            0.584600                   1
          191.505623            0.553500                   1
          211.460236            0.566370                   1
          215.445245            0.581260                   1
          229.414936            0.611220                   1
          235.399808            0.626190                   1
          239.384712            0.609250                   1
          247.359632            0.554130                   1
          255.354568            0.631020                   1
          261.329407            0.512020                   1
          277.284102            0.700920                   1
          281.259081            0.677810                   1
          295.228837            0.507720                   1
          311.183548            0.672620                   1
          317.153470            0.574560                   1
           10.017903            0.510050                   1
           43.937345            0.637480                   1
           67.871944            0.694300                   1
           85.831673            0.782090                   1
           91.831605            0.582050                   1
          113.766178            0.782910                   1
          117.751084            0.505100                   1
          131.700871            0.639800                   1
          157.650422            0.681600                   1
          165.620264            0.567510                   1
          167.605271            0.486440                   1
          177.570012            0.657460                   1
          181.545006            0.674360                   1
          189.539897            0.623310                   1
          197.509813            0.581180                   1
          203.479631            0.699190                   1
          231.424280            0.817870                   1
          245.363961            0.541890                   1
          259.328769            0.640720                   1
          261.313633            0.735760                   1
          271.298531            0.718620                   1
          289.248227            0.584510                   1
          325.147697            0.500600                   1
