           19.977613            0.541750                   1
           23.955418            0.731820                   1
           39.913971            0.700770                   1
           47.885396            0.529100                   1
           71.830793            0.622930                   1
           89.739200            0.450000                   1
           91.720319            0.460840                   1
           95.698322            0.370700                   1
          101.688566            0.780260                   1
          125.556048            0.536030                   1
          157.488597            0.754520                   1
          177.424885            0.713630                   1
          189.374214            0.579930                   1
          197.345685            0.520190                   1
          199.326813            0.875010                   1
          203.304917            0.520790                   1
          219.263146            0.602080                   1
          243.208633            0.711820                   1
          259.151396            0.560580                   1
          281.100194            0.747120                   1
          297.043349            0.739470                   1
          307.011221            0.651250                   1
          312.985864            0.620440                   1
           14.003214            0.588300                   1
           15.984286            0.487130                   1
           51.879126            0.479210                   1
           67.837598            0.616230                   1
           75.824606            0.515050                   1
           83.795999            0.521360                   1
           87.758335            0.446870                   1
           91.720612            0.604500                   1
          105.682335            0.642330                   1
          107.663504            0.573080                   1
          173.478394            0.668160                   1
          179.453101            0.613280                   1
          199.420730            0.541100                   1
          207.392105            0.497450                   1
          213.366710            0.515500                   1
          225.347306            1.173640                   1
          229.309625            0.675250                   1
          237.296645            0.671990                   1
          245.252433            0.699940                   1
          255.220636            0.643450                   1
          301.114770            0.691900                   1
          325.013460            0.608480                   1
          327.010217            0.531650                   1
          340.940724            0.736710                   1
            8.038623            0.929120                   1
           14.008505            0.519100                   1
           21.993399            0.598000                   1
           35.953159            0.549910                   1
           37.938083            0.476890                   1
           71.877525            0.792610                   1
           97.832094            0.557380                   1
          107.801999            0.459210                   1
          111.776926            0.612190                   1
          117.761803            0.723200                   1
          131.716619            0.584020                   1
          159.631149            0.748810                   1
          163.616060            0.571760                   1
          167.590965            0.532730                   1
          179.560820            0.754660                   1
          189.515515            0.527710                   1
          205.485406            0.701370                   1
          209.475309            0.647410                   1
          257.344484            0.641010                   1
          265.314338            0.862960                   1
          279.269117            0.531840                   1
          313.168484            0.623650                   1
          337.098094            0.693410                   1
            8.032969            0.622780                   1
           23.987607            0.611730                   1
           33.967460            0.463640                   1
           41.947288            0.675630                   1
           47.922231            0.740520                   1
           93.816443            0.565140                   1
          115.766124            0.822900                   1
          125.720932            0.531860                   1
          149.665575            0.546620                   1
          159.635393            0.656570                   1
          163.635378            0.720430                   1
          173.590146            0.573450                   1
          193.524845            0.558230                   1
          199.494685            0.596250                   1
          213.474516            0.864050                   1
          215.459463            0.615090                   1
          241.394000            0.831890                   1
          285.278313            1.394480                   1
          293.233175            0.879420                   1
          313.207862            0.776300                   1
          315.182835            0.585260                   1
          321.177737            1.022130                   1
          327.132578            1.323180                   1
