            8.028360            0.579340                   1
           12.006191            0.417420                   1
           31.942509            0.752500                   1
           45.889421            0.529660                   1
           57.869180            0.665010                   1
           69.849651            1.164170                   1
           87.758041            0.631230                   1
          105.666477            0.562240                   1
          107.647603            0.517060                   1
          111.641160            0.819380                   1
          113.622291            0.622180                   1
          119.581684            0.502600                   1
          123.574897            0.581270                   1
          139.517731            0.541930                   1
          149.501505            0.749840                   1
          159.469673            0.533370                   1
          183.383944            0.562320                   1
          205.301426            0.444200                   1
          213.288482            0.872890                   1
          227.250216            0.750730                   1
          255.173543            0.586570                   1
          293.065156            0.605790                   1
          299.039836            0.798900                   1
          303.017630            0.653000                   1
           25.968114            0.583020                   1
           29.961691            0.493290                   1
           31.942758            0.514950                   1
           49.897932            0.524450                   1
           59.850621            0.539460                   1
           81.799252            0.806150                   1
           89.739485            0.449660                   1
          111.657040            0.579430                   1
          125.618701            0.753340                   1
          129.597362            0.590570                   1
          135.586813            0.800930                   1
          151.560921            0.714320                   1
          153.542095            0.677090                   1
          157.520416            0.674650                   1
          167.503782            0.578930                   1
          187.440073            0.610030                   1
          239.277776            0.562780                   1
          251.228024            0.572150                   1
          275.172564            0.722910                   1
          277.153727            0.461680                   1
          305.092717            0.521810                   1
          313.064184            0.582120                   1
          323.032344            0.597640                   1
          336.978449            0.795100                   1
           10.023542            0.576150                   1
           23.978316            0.501010                   1
           45.922925            0.555910                   1
           55.907824            0.602710                   1
           57.907796            0.666670                   1
           65.892677            0.657600                   1
          105.817049            0.524240                   1
          109.776842            0.452310                   1
          121.746736            0.610180                   1
          129.731549            0.833160                   1
          147.686296            0.581930                   1
          153.671121            0.652960                   1
          155.646052            0.597950                   1
          177.575823            0.699640                   1
          201.490371            0.608510                   1
          217.430280            0.628180                   1
          241.374700            0.507210                   1
          273.299232            0.557870                   1
          293.253821            0.706800                   1
          297.228762            0.603750                   1
          307.198670            0.609600                   1
          323.143436            0.704420                   1
          327.128359            0.575410                   1
          335.113139            0.558440                   1
           18.002784            0.500750                   1
           27.972585            0.520100                   1
           53.917123            0.633520                   1
           55.902099            0.560450                   1
           73.866842            0.619210                   1
           81.846666            1.007260                   1
          103.796301            0.657050                   1
          109.781174            0.728010                   1
          121.735988            0.468900                   1
          143.695686            0.628650                   1
          147.680585            0.475650                   1
          179.560101            0.723340                   1
          229.439213            0.610980                   1
          235.409141            0.664880                   1
          243.379063            0.726780                   1
          247.363963            0.445830                   1
          251.348872            0.740770                   1
          277.293455            0.883540                   1
          287.263322            0.713500                   1
          297.228118            0.644440                   1
          309.212915            0.955290                   1
          323.162720            0.645220                   1
          339.117405            0.954040                   1
          341.112443            0.759010                   1
