            8.028360            0.515000                   1
           10.024989            0.514810                   1
           12.006191            0.514730                   1
           13.987295            0.514730                   1
           19.977613            0.514770                   1
           23.955418            0.514860                   1
           31.942509            0.514840                   1
           37.932800            0.514700                   1
           39.913971            0.514740                   1
           45.889421            0.529500                   1
           47.885396            0.514770                   1
           57.869180            0.514730                   1
           69.849651            0.514800                   1
           71.830793            0.514840                   1
           73.812496            0.529870                   1
           79.802277            0.514730                   1
           83.795766            0.514780                   1
           85.776922            0.514790                   1
           87.758041            0.514820                   1
           89.739200            0.514810                   1
           91.720319            0.515160                   1
           93.717164            0.514780                   1
           95.698322            0.514770                   1
          101.688566            0.514800                   1
          105.666477            0.514790                   1
          107.647603            0.514840                   1
          111.641160            0.514780                   1
          113.622291            0.514800                   1
          115.603466            0.514770                   1
          119.581684            0.515390                   1
          123.574897            0.514790                   1
          125.556048            0.514780                   1
          127.537188            0.514720                   1
          137.520944            0.514780                   1
          139.517731            0.514800                   1
          149.501505            0.514770                   1
          157.488597            0.514700                   1
          159.469673            0.514780                   1
          167.456733            0.514680                   1
          169.437871            0.514750                   1
          177.424885            0.514720                   1
          181.402768            0.514780                   1
          183.383944            0.514750                   1
          189.374214            0.514810                   1
          193.352124            0.514780                   1
          197.345685            0.514780                   1
          199.326813            0.514730                   1
          203.304917            0.515390                   1
          205.301426            0.514810                   1
          213.288482            0.514780                   1
          219.263146            0.514770                   1
          227.250216            0.514740                   1
          233.240387            0.514830                   1
          241.212539            0.529760                   1
          243.208633            0.514690                   1
          249.183266            0.514760                   1
          255.173543            0.514810                   1
          259.151396            0.515030                   1
          261.148258            0.514710                   1
          267.122853            0.514840                   1
          277.106634            0.514830                   1
          281.100194            0.514790                   1
          289.087237            0.514770                   1
          293.065156            0.514710                   1
          297.043349            0.515470                   1
          299.039836            0.514730                   1
          303.017630            0.514890                   1
          307.011221            0.514740                   1
          312.985864            0.514780                   1
          316.979391            0.514780                   1
          340.940519            0.514770                   1
            8.028610            0.514940                   1
           10.025307            0.514760                   1
           14.003214            0.514780                   1
           15.984286            0.514760                   1
           25.968114            0.514810                   1
           29.961691            0.514690                   1
           31.942758            0.514810                   1
           41.926591            0.514750                   1
           47.916813            0.514790                   1
           49.897932            0.514820                   1
           51.879126            0.514790                   1
           57.869434            0.514690                   1
           59.850621            0.514740                   1
           67.837598            0.514760                   1
           75.824606            0.514750                   1
           81.799252            0.514760                   1
           83.795999            0.514730                   1
           85.777186            0.514840                   1
           87.758335            0.514770                   1
           89.739485            0.514780                   1
           91.720612            0.515240                   1
           93.717427            0.514730                   1
           95.698576            0.514780                   1
          105.682335            0.514780                   1
          107.663504            0.514760                   1
          111.657040            0.514760                   1
          117.631714            0.514730                   1
          125.618701            0.514770                   1
          129.597362            0.529620                   1
          135.586813            0.514780                   1
          139.580416            0.514710                   1
          151.560921            0.514700                   1
          153.542095            0.514760                   1
          157.520416            0.529940                   1
          165.506965            0.514770                   1
          167.503782            0.514730                   1
          173.478394            0.514830                   1
          177.471955            0.514760                   1
          179.453101            0.514810                   1
          187.440073            0.514810                   1
          199.420730            0.514660                   1
          203.398558            0.514810                   1
          207.392105            0.514760                   1
          213.366710            0.515230                   1
          217.360251            0.514800                   1
          225.347306            0.514760                   1
          227.328488            0.514750                   1
          229.309625            0.514750                   1
          237.296645            0.514740                   1
          239.277776            0.514780                   1
          241.258920            0.515330                   1
          245.252433            0.514770                   1
          251.228024            0.529510                   1
          255.220636            0.514770                   1
          267.201145            0.514810                   1
          273.191409            0.514820                   1
          275.172564            0.514780                   1
          277.153727            0.514780                   1
          285.140762            0.514820                   1
          295.124502            0.514810                   1
          301.114770            0.514820                   1
          305.092717            0.514780                   1
          309.086211            0.514820                   1
          313.064184            0.514740                   1
          319.054387            0.514800                   1
          323.032344            0.514780                   1
          325.013460            0.514740                   1
          327.010217            0.514810                   1
          330.988163            0.514760                   1
          336.978449            0.514730                   1
          338.959595            0.514760                   1
          340.940724            0.514820                   1
            8.038623            0.504920                   1
           10.023542            0.505030                   1
           14.008505            0.505020                   1
           21.993399            0.520070                   1
           23.978316            0.510050                   1
           27.968346            0.504910                   1
           35.953159            0.520000                   1
           37.938083            0.520040                   1
           45.922925            0.520030                   1
           55.907824            0.520010                   1
           57.907796            0.505020                   1
           65.892677            0.504920                   1
           71.877525            0.504970                   1
           93.847186            0.519980                   1
           97.832094            0.520060                   1
          103.817021            0.519970                   1
          105.817049            0.504920                   1
          107.801999            0.505010                   1
          109.776842            0.520040                   1
          111.776926            0.505000                   1
          117.761803            0.504940                   1
          121.746736            0.504940                   1
          129.731549            0.519990                   1
          131.716619            0.519910                   1
          137.701436            0.519990                   1
          141.686335            0.520050                   1
          147.686296            0.504940                   1
          153.671121            0.505030                   1
          155.646052            0.520110                   1
          157.646214            0.504930                   1
          159.631149            0.504910                   1
          163.616060            0.504980                   1
          165.601058            0.509960                   1
          167.590965            0.505010                   1
          177.575823            0.504990                   1
          179.560820            0.519970                   1
          181.545715            0.520040                   1
          187.530618            0.520030                   1
          189.515515            0.520110                   1
          191.505623            0.519920                   1
          201.490371            0.520000                   1
          205.485406            0.510000                   1
          209.475309            0.504920                   1
          211.460236            0.504890                   1
          215.445245            0.504900                   1
          217.430280            0.509800                   1
          229.414936            0.519940                   1
          235.399808            0.519980                   1
          239.384712            0.520050                   1
          241.374700            0.520160                   1
          247.359632            0.520020                   1
          255.354568            0.509980                   1
          257.344484            0.504980                   1
          261.329407            0.505020                   1
          265.314338            0.504990                   1
          273.299232            0.519940                   1
          277.284102            0.520000                   1
          279.269117            0.519930                   1
          281.259081            0.519920                   1
          293.253821            0.505110                   1
          295.228837            0.520070                   1
          297.228762            0.505000                   1
          307.198670            0.504960                   1
          311.183548            0.504970                   1
          313.168484            0.510040                   1
          317.153470            0.509960                   1
          323.143436            0.519910                   1
          327.128359            0.519970                   1
          335.113139            0.520040                   1
          337.098094            0.520040                   1
            8.032969            0.509920                   1
           10.017903            0.509940                   1
           18.002784            0.520020                   1
           23.987607            0.519970                   1
           27.972585            0.519960                   1
           33.967460            0.504970                   1
           41.947288            0.520060                   1
           43.937345            0.519990                   1
           47.922231            0.519970                   1
           53.917123            0.504960                   1
           55.902099            0.519990                   1
           67.871944            0.514910                   1
           73.866842            0.505010                   1
           81.846666            0.510010                   1
           85.831673            0.519890                   1
           91.831605            0.504910                   1
           93.816443            0.505080                   1
          103.796301            0.510000                   1
          109.781174            0.520030                   1
          113.766178            0.520030                   1
          115.766124            0.504990                   1
          117.751084            0.504970                   1
          121.735988            0.505010                   1
          125.720932            0.504970                   1
          131.700871            0.520010                   1
          143.695686            0.509940                   1
          147.680585            0.519990                   1
          149.665575            0.509970                   1
          157.650422            0.520020                   1
          159.635393            0.520000                   1
          163.635378            0.504910                   1
          165.620264            0.504970                   1
          167.605271            0.505000                   1
          173.590146            0.520030                   1
          177.570012            0.520090                   1
          179.560101            0.520000                   1
          181.545006            0.520020                   1
          189.539897            0.505010                   1
          193.524845            0.519950                   1
          197.509813            0.519930                   1
          199.494685            0.520010                   1
          203.479631            0.520010                   1
          213.474516            0.504880                   1
          215.459463            0.519950                   1
          229.439213            0.504940                   1
          231.424280            0.504890                   1
          235.409141            0.505090                   1
          241.394000            0.520000                   1
          243.379063            0.519950                   1
          245.363961            0.520000                   1
          247.363963            0.504920                   1
          251.348872            0.505030                   1
          259.328769            0.509930                   1
          261.313633            0.510120                   1
          271.298531            0.520050                   1
          277.293455            0.504990                   1
          285.278313            0.520000                   1
          287.263322            0.519940                   1
          289.248227            0.519980                   1
          293.233175            0.520030                   1
          297.228118            0.510020                   1
          309.212915            0.520030                   1
          313.207862            0.504970                   1
          315.182835            0.519900                   1
          321.177737            0.504950                   1
          323.162720            0.504920                   1
          325.147697            0.509910                   1
          327.132578            0.509960                   1
          339.117405            0.520000                   1
          341.112443            0.509990                   1
