            8.028360            0.579340                   1
           10.024989            0.590690                   1
           12.006191            0.417420                   1
           13.987295            0.420270                   1
           19.977613            0.541750                   1
           23.955418            0.731820                   1
           31.942509            0.752500                   1
           37.932800            0.945990                   1
           39.913971            0.700770                   1
           45.889421            0.529660                   1
           47.885396            0.529100                   1
           57.869180            0.665010                   1
           69.849651            1.164170                   1
           71.830793            0.622930                   1
           73.812496            0.441210                   1
           79.802277            0.691200                   1
           83.795766            0.465650                   1
           85.776922            0.524430                   1
           87.758041            0.631230                   1
           89.739200            0.450000                   1
           91.720319            0.460840                   1
           93.717164            0.391950                   1
           95.698322            0.370700                   1
          101.688566            0.780260                   1
          105.666477            0.562240                   1
          107.647603            0.517060                   1
          111.641160            0.819380                   1
          113.622291            0.622180                   1
          115.603466            0.368940                   1
          119.581684            0.502600                   1
          123.574897            0.581270                   1
          125.556048            0.536030                   1
          127.537188            0.498820                   1
          137.520944            0.610810                   1
          139.517731            0.541930                   1
          149.501505            0.749840                   1
          157.488597            0.754520                   1
          159.469673            0.533370                   1
          167.456733            0.554080                   1
          169.437871            0.604880                   1
          177.424885            0.713630                   1
          181.402768            0.599610                   1
          183.383944            0.562320                   1
          189.374214            0.579930                   1
          193.352124            0.633880                   1
          197.345685            0.520190                   1
          199.326813            0.875010                   1
          203.304917            0.520790                   1
          205.301426            0.444200                   1
          213.288482            0.872890                   1
          219.263146            0.602080                   1
          227.250216            0.750730                   1
          233.240387            0.608410                   1
          241.212539            0.803990                   1
          243.208633            0.711820                   1
          249.183266            0.601010                   1
          255.173543            0.586570                   1
          259.151396            0.560580                   1
          261.148258            0.419640                   1
          267.122853            0.628900                   1
          277.106634            0.556810                   1
          281.100194            0.747120                   1
          289.087237            0.559830                   1
          293.065156            0.605790                   1
          297.043349            0.739470                   1
          299.039836            0.798900                   1
          303.017630            0.653000                   1
          307.011221            0.651250                   1
          312.985864            0.620440                   1
          316.979391            0.546760                   1
          340.940519            0.688890                   1
            8.028610            0.667070                   1
           10.025307            0.462320                   1
           14.003214            0.588300                   1
           15.984286            0.487130                   1
           25.968114            0.583020                   1
           29.961691            0.493290                   1
           31.942758            0.514950                   1
           41.926591            0.496010                   1
           47.916813            0.585640                   1
           49.897932            0.524450                   1
           51.879126            0.479210                   1
           57.869434            0.544740                   1
           59.850621            0.539460                   1
           67.837598            0.616230                   1
           75.824606            0.515050                   1
           81.799252            0.806150                   1
           83.795999            0.521360                   1
           85.777186            0.476090                   1
           87.758335            0.446870                   1
           89.739485            0.449660                   1
           91.720612            0.604500                   1
           93.717427            0.455580                   1
           95.698576            0.602380                   1
          105.682335            0.642330                   1
          107.663504            0.573080                   1
          111.657040            0.579430                   1
          117.631714            0.532560                   1
          125.618701            0.753340                   1
          129.597362            0.590570                   1
          135.586813            0.800930                   1
          139.580416            0.535210                   1
          151.560921            0.714320                   1
          153.542095            0.677090                   1
          157.520416            0.674650                   1
          165.506965            0.639830                   1
          167.503782            0.578930                   1
          173.478394            0.668160                   1
          177.471955            0.562480                   1
          179.453101            0.613280                   1
          187.440073            0.610030                   1
          199.420730            0.541100                   1
          203.398558            0.603070                   1
          207.392105            0.497450                   1
          213.366710            0.515500                   1
          217.360251            0.609010                   1
          225.347306            1.173640                   1
          227.328488            0.696410                   1
          229.309625            0.675250                   1
          237.296645            0.671990                   1
          239.277776            0.562780                   1
          241.258920            0.573580                   1
          245.252433            0.699940                   1
          251.228024            0.572150                   1
          255.220636            0.643450                   1
          267.201145            0.742570                   1
          273.191409            0.768090                   1
          275.172564            0.722910                   1
          277.153727            0.461680                   1
          285.140762            0.986340                   1
          295.124502            0.602350                   1
          301.114770            0.691900                   1
          305.092717            0.521810                   1
          309.086211            0.592180                   1
          313.064184            0.582120                   1
          319.054387            0.495730                   1
          323.032344            0.597640                   1
          325.013460            0.608480                   1
          327.010217            0.531650                   1
          330.988163            0.665570                   1
          336.978449            0.795100                   1
          338.959595            0.565880                   1
          340.940724            0.736710                   1
            8.038623            0.929120                   1
           10.023542            0.576150                   1
           14.008505            0.519100                   1
           21.993399            0.598000                   1
           23.978316            0.501010                   1
           27.968346            0.590890                   1
           35.953159            0.549910                   1
           37.938083            0.476890                   1
           45.922925            0.555910                   1
           55.907824            0.602710                   1
           57.907796            0.666670                   1
           65.892677            0.657600                   1
           71.877525            0.792610                   1
           93.847186            0.558370                   1
           97.832094            0.557380                   1
          103.817021            0.644330                   1
          105.817049            0.524240                   1
          107.801999            0.459210                   1
          109.776842            0.452310                   1
          111.776926            0.612190                   1
          117.761803            0.723200                   1
          121.746736            0.610180                   1
          129.731549            0.833160                   1
          131.716619            0.584020                   1
          137.701436            0.783040                   1
          141.686335            0.606040                   1
          147.686296            0.581930                   1
          153.671121            0.652960                   1
          155.646052            0.597950                   1
          157.646214            0.485790                   1
          159.631149            0.748810                   1
          163.616060            0.571760                   1
          165.601058            0.626710                   1
          167.590965            0.532730                   1
          177.575823            0.699640                   1
          179.560820            0.754660                   1
          181.545715            0.577640                   1
          187.530618            0.584600                   1
          189.515515            0.527710                   1
          191.505623            0.553500                   1
          201.490371            0.608510                   1
          205.485406            0.701370                   1
          209.475309            0.647410                   1
          211.460236            0.566370                   1
          215.445245            0.581260                   1
          217.430280            0.628180                   1
          229.414936            0.611220                   1
          235.399808            0.626190                   1
          239.384712            0.609250                   1
          241.374700            0.507210                   1
          247.359632            0.554130                   1
          255.354568            0.631020                   1
          257.344484            0.641010                   1
          261.329407            0.512020                   1
          265.314338            0.862960                   1
          273.299232            0.557870                   1
          277.284102            0.700920                   1
          279.269117            0.531840                   1
          281.259081            0.677810                   1
          293.253821            0.706800                   1
          295.228837            0.507720                   1
          297.228762            0.603750                   1
          307.198670            0.609600                   1
          311.183548            0.672620                   1
          313.168484            0.623650                   1
          317.153470            0.574560                   1
          323.143436            0.704420                   1
          327.128359            0.575410                   1
          335.113139            0.558440                   1
          337.098094            0.693410                   1
            8.032969            0.622780                   1
           10.017903            0.510050                   1
           18.002784            0.500750                   1
           23.987607            0.611730                   1
           27.972585            0.520100                   1
           33.967460            0.463640                   1
           41.947288            0.675630                   1
           43.937345            0.637480                   1
           47.922231            0.740520                   1
           53.917123            0.633520                   1
           55.902099            0.560450                   1
           67.871944            0.694300                   1
           73.866842            0.619210                   1
           81.846666            1.007260                   1
           85.831673            0.782090                   1
           91.831605            0.582050                   1
           93.816443            0.565140                   1
          103.796301            0.657050                   1
          109.781174            0.728010                   1
          113.766178            0.782910                   1
          115.766124            0.822900                   1
          117.751084            0.505100                   1
          121.735988            0.468900                   1
          125.720932            0.531860                   1
          131.700871            0.639800                   1
          143.695686            0.628650                   1
          147.680585            0.475650                   1
          149.665575            0.546620                   1
          157.650422            0.681600                   1
          159.635393            0.656570                   1
          163.635378            0.720430                   1
          165.620264            0.567510                   1
          167.605271            0.486440                   1
          173.590146            0.573450                   1
          177.570012            0.657460                   1
          179.560101            0.723340                   1
          181.545006            0.674360                   1
          189.539897            0.623310                   1
          193.524845            0.558230                   1
          197.509813            0.581180                   1
          199.494685            0.596250                   1
          203.479631            0.699190                   1
          213.474516            0.864050                   1
          215.459463            0.615090                   1
          229.439213            0.610980                   1
          231.424280            0.817870                   1
          235.409141            0.664880                   1
          241.394000            0.831890                   1
          243.379063            0.726780                   1
          245.363961            0.541890                   1
          247.363963            0.445830                   1
          251.348872            0.740770                   1
          259.328769            0.640720                   1
          261.313633            0.735760                   1
          271.298531            0.718620                   1
          277.293455            0.883540                   1
          285.278313            1.394480                   1
          287.263322            0.713500                   1
          289.248227            0.584510                   1
          293.233175            0.879420                   1
          297.228118            0.644440                   1
          309.212915            0.955290                   1
          313.207862            0.776300                   1
          315.182835            0.585260                   1
          321.177737            1.022130                   1
          323.162720            0.645220                   1
          325.147697            0.500600                   1
          327.132578            1.323180                   1
          339.117405            0.954040                   1
          341.112443            0.759010                   1
