           10.024989            0.514810                   1
           13.987295            0.514730                   1
           37.932800            0.514700                   1
           73.812496            0.529870                   1
           79.802277            0.514730                   1
           83.795766            0.514780                   1
           85.776922            0.514790                   1
           93.717164            0.514780                   1
          115.603466            0.514770                   1
          127.537188            0.514720                   1
          137.520944            0.514780                   1
          167.456733            0.514680                   1
          169.437871            0.514750                   1
          181.402768            0.514780                   1
          193.352124            0.514780                   1
          233.240387            0.514830                   1
          241.212539            0.529760                   1
          249.183266            0.514760                   1
          261.148258            0.514710                   1
          267.122853            0.514840                   1
          277.106634            0.514830                   1
          289.087237            0.514770                   1
          316.979391            0.514780                   1
          340.940519            0.514770                   1
            8.028610            0.514940                   1
           10.025307            0.514760                   1
           41.926591            0.514750                   1
           47.916813            0.514790                   1
           57.869434            0.514690                   1
           85.777186            0.514840                   1
           93.717427            0.514730                   1
           95.698576            0.514780                   1
          117.631714            0.514730                   1
          139.580416            0.514710                   1
          165.506965            0.514770                   1
          177.471955            0.514760                   1
          203.398558            0.514810                   1
          217.360251            0.514800                   1
          227.328488            0.514750                   1
          241.258920            0.515330                   1
          267.201145            0.514810                   1
          273.191409            0.514820                   1
          285.140762            0.514820                   1
          295.124502            0.514810                   1
          309.086211            0.514820                   1
          319.054387            0.514800                   1
          330.988163            0.514760                   1
          338.959595            0.514760                   1
           27.968346            0.504910                   1
           93.847186            0.519980                   1
          103.817021            0.519970                   1
          137.701436            0.519990                   1
          141.686335            0.520050                   1
          157.646214            0.504930                   1
          165.601058            0.509960                   1
          181.545715            0.520040                   1
          187.530618            0.520030                   1
          191.505623            0.519920                   1
          211.460236            0.504890                   1
          215.445245            0.504900                   1
          229.414936            0.519940                   1
          235.399808            0.519980                   1
          239.384712            0.520050                   1
          247.359632            0.520020                   1
          255.354568            0.509980                   1
          261.329407            0.505020                   1
          277.284102            0.520000                   1
          281.259081            0.519920                   1
          295.228837            0.520070                   1
          311.183548            0.504970                   1
          317.153470            0.509960                   1
           10.017903            0.509940                   1
           43.937345            0.519990                   1
           67.871944            0.514910                   1
           85.831673            0.519890                   1
           91.831605            0.504910                   1
          113.766178            0.520030                   1
          117.751084            0.504970                   1
          131.700871            0.520010                   1
          157.650422            0.520020                   1
          165.620264            0.504970                   1
          167.605271            0.505000                   1
          177.570012            0.520090                   1
          181.545006            0.520020                   1
          189.539897            0.505010                   1
          197.509813            0.519930                   1
          203.479631            0.520010                   1
          231.424280            0.504890                   1
          245.363961            0.520000                   1
          259.328769            0.509930                   1
          261.313633            0.510120                   1
          271.298531            0.520050                   1
          289.248227            0.519980                   1
          325.147697            0.509910                   1
