           19.977613            0.514770                   1
           23.955418            0.514860                   1
           39.913971            0.514740                   1
           47.885396            0.514770                   1
           71.830793            0.514840                   1
           89.739200            0.514810                   1
           91.720319            0.515160                   1
           95.698322            0.514770                   1
          101.688566            0.514800                   1
          125.556048            0.514780                   1
          157.488597            0.514700                   1
          177.424885            0.514720                   1
          189.374214            0.514810                   1
          197.345685            0.514780                   1
          199.326813            0.514730                   1
          203.304917            0.515390                   1
          219.263146            0.514770                   1
          243.208633            0.514690                   1
          259.151396            0.515030                   1
          281.100194            0.514790                   1
          297.043349            0.515470                   1
          307.011221            0.514740                   1
          312.985864            0.514780                   1
           14.003214            0.514780                   1
           15.984286            0.514760                   1
           51.879126            0.514790                   1
           67.837598            0.514760                   1
           75.824606            0.514750                   1
           83.795999            0.514730                   1
           87.758335            0.514770                   1
           91.720612            0.515240                   1
          105.682335            0.514780                   1
          107.663504            0.514760                   1
          173.478394            0.514830                   1
          179.453101            0.514810                   1
          199.420730            0.514660                   1
          207.392105            0.514760                   1
          213.366710            0.515230                   1
          225.347306            0.514760                   1
          229.309625            0.514750                   1
          237.296645            0.514740                   1
          245.252433            0.514770                   1
          255.220636            0.514770                   1
          301.114770            0.514820                   1
          325.013460            0.514740                   1
          327.010217            0.514810                   1
          340.940724            0.514820                   1
            8.038623            0.504920                   1
           14.008505            0.505020                   1
           21.993399            0.520070                   1
           35.953159            0.520000                   1
           37.938083            0.520040                   1
           71.877525            0.504970                   1
           97.832094            0.520060                   1
          107.801999            0.505010                   1
          111.776926            0.505000                   1
          117.761803            0.504940                   1
          131.716619            0.519910                   1
          159.631149            0.504910                   1
          163.616060            0.504980                   1
          167.590965            0.505010                   1
          179.560820            0.519970                   1
          189.515515            0.520110                   1
          205.485406            0.510000                   1
          209.475309            0.504920                   1
          257.344484            0.504980                   1
          265.314338            0.504990                   1
          279.269117            0.519930                   1
          313.168484            0.510040                   1
          337.098094            0.520040                   1
            8.032969            0.509920                   1
           23.987607            0.519970                   1
           33.967460            0.504970                   1
           41.947288            0.520060                   1
           47.922231            0.519970                   1
           93.816443            0.505080                   1
          115.766124            0.504990                   1
          125.720932            0.504970                   1
          149.665575            0.509970                   1
          159.635393            0.520000                   1
          163.635378            0.504910                   1
          173.590146            0.520030                   1
          193.524845            0.519950                   1
          199.494685            0.520010                   1
          213.474516            0.504880                   1
          215.459463            0.519950                   1
          241.394000            0.520000                   1
          285.278313            0.520000                   1
          293.233175            0.520030                   1
          313.207862            0.504970                   1
          315.182835            0.519900                   1
          321.177737            0.504950                   1
          327.132578            0.509960                   1
