            8.028360            0.515000                   1
           12.006191            0.514730                   1
           31.942509            0.514840                   1
           45.889421            0.529500                   1
           57.869180            0.514730                   1
           69.849651            0.514800                   1
           87.758041            0.514820                   1
          105.666477            0.514790                   1
          107.647603            0.514840                   1
          111.641160            0.514780                   1
          113.622291            0.514800                   1
          119.581684            0.515390                   1
          123.574897            0.514790                   1
          139.517731            0.514800                   1
          149.501505            0.514770                   1
          159.469673            0.514780                   1
          183.383944            0.514750                   1
          205.301426            0.514810                   1
          213.288482            0.514780                   1
          227.250216            0.514740                   1
          255.173543            0.514810                   1
          293.065156            0.514710                   1
          299.039836            0.514730                   1
          303.017630            0.514890                   1
           25.968114            0.514810                   1
           29.961691            0.514690                   1
           31.942758            0.514810                   1
           49.897932            0.514820                   1
           59.850621            0.514740                   1
           81.799252            0.514760                   1
           89.739485            0.514780                   1
          111.657040            0.514760                   1
          125.618701            0.514770                   1
          129.597362            0.529620                   1
          135.586813            0.514780                   1
          151.560921            0.514700                   1
          153.542095            0.514760                   1
          157.520416            0.529940                   1
          167.503782            0.514730                   1
          187.440073            0.514810                   1
          239.277776            0.514780                   1
          251.228024            0.529510                   1
          275.172564            0.514780                   1
          277.153727            0.514780                   1
          305.092717            0.514780                   1
          313.064184            0.514740                   1
          323.032344            0.514780                   1
          336.978449            0.514730                   1
           10.023542            0.505030                   1
           23.978316            0.510050                   1
           45.922925            0.520030                   1
           55.907824            0.520010                   1
           57.907796            0.505020                   1
           65.892677            0.504920                   1
          105.817049            0.504920                   1
          109.776842            0.520040                   1
          121.746736            0.504940                   1
          129.731549            0.519990                   1
          147.686296            0.504940                   1
          153.671121            0.505030                   1
          155.646052            0.520110                   1
          177.575823            0.504990                   1
          201.490371            0.520000                   1
          217.430280            0.509800                   1
          241.374700            0.520160                   1
          273.299232            0.519940                   1
          293.253821            0.505110                   1
          297.228762            0.505000                   1
          307.198670            0.504960                   1
          323.143436            0.519910                   1
          327.128359            0.519970                   1
          335.113139            0.520040                   1
           18.002784            0.520020                   1
           27.972585            0.519960                   1
           53.917123            0.504960                   1
           55.902099            0.519990                   1
           73.866842            0.505010                   1
           81.846666            0.510010                   1
          103.796301            0.510000                   1
          109.781174            0.520030                   1
          121.735988            0.505010                   1
          143.695686            0.509940                   1
          147.680585            0.519990                   1
          179.560101            0.520000                   1
          229.439213            0.504940                   1
          235.409141            0.505090                   1
          243.379063            0.519950                   1
          247.363963            0.504920                   1
          251.348872            0.505030                   1
          277.293455            0.504990                   1
          287.263322            0.519940                   1
          297.228118            0.510020                   1
          309.212915            0.520030                   1
          323.162720            0.504920                   1
          339.117405            0.520000                   1
          341.112443            0.509990                   1
