            8.032629            0.514970                   1
           14.022712            0.514750                   1
           16.003834            0.514800                   1
           17.985921            0.529520                   1
           23.975377            0.514740                   1
           31.962394            0.514870                   1
           41.946263            0.514820                   1
           45.924406            0.515400                   1
           53.911239            0.514740                   1
           55.908004            0.514790                   1
           57.889193            0.514790                   1
           63.863890            0.514740                   1
           65.860673            0.514720                   1
           67.841834            0.514790                   1
           73.816709            0.515510                   1
           79.806837            0.514710                   1
           85.797138            0.514780                   1
           91.771819            0.514740                   1
           93.768602            0.514740                   1
          101.740066            0.515170                   1
          103.736894            0.514760                   1
          105.718034            0.514760                   1
          109.695917            0.514800                   1
          121.692111            0.514810                   1
          123.673321            0.514740                   1
          127.651312            0.514730                   1
          131.644732            0.514880                   1
          139.616725            0.515420                   1
          147.603266            0.514790                   1
          153.593655            0.514700                   1
          155.574810            0.514750                   1
          163.561885            0.514660                   1
          167.539818            0.515360                   1
          175.526852            0.514800                   1
          179.520317            0.514880                   1
          185.479513            0.514790                   1
          191.454246            0.514810                   1
          193.435391            0.514790                   1
          195.416586            0.515430                   1
          197.413353            0.514800                   1
          209.393864            0.514860                   1
          215.384289            0.514680                   1
          219.362144            0.514790                   1
          223.340067            0.515030                   1
          225.336855            0.514810                   1
          229.314819            0.514740                   1
          231.295914            0.514840                   1
          247.270162            0.514720                   1
          249.251317            0.514780                   1
          255.241586            0.514780                   1
          257.222790            0.514810                   1
          261.201264            0.529870                   1
          263.197475            0.514830                   1
          267.175406            0.514780                   1
          271.168916            0.514790                   1
          275.146837            0.514840                   1
          287.127461            0.514780                   1
          289.108946            0.515360                   1
          299.108090            0.514760                   1
          301.089225            0.514750                   1
          305.067169            0.514790                   1
          307.048328            0.514840                   1
          309.045198            0.514700                   1
          319.029085            0.514660                   1
          323.006947            0.514710                   1
          330.993968            0.514780                   1
          332.975106            0.514830                   1
          334.956310            0.514750                   1
          340.946611            0.514720                   1
            8.023552            0.514930                   1
           12.017001            0.514780                   1
           15.994881            0.514820                   1
           19.988432            0.514800                   1
           25.963141            0.514730                   1
           27.959899            0.514790                   1
           39.940563            0.514660                   1
           47.927579            0.514780                   1
           49.908787            0.514720                   1
           61.873767            0.514810                   1
           63.854895            0.514830                   1
           69.845279            0.514730                   1
           71.826347            0.514840                   1
           81.810185            0.514810                   1
           87.800548            0.514820                   1
           89.781785            0.514710                   1
           91.762866            0.514770                   1
           93.759657            0.514750                   1
           95.740856            0.514730                   1
          101.715509            0.515160                   1
          113.711669            0.514790                   1
          115.692886            0.514750                   1
          119.670805            0.514780                   1
          131.635884            0.514720                   1
          143.600792            0.514760                   1
          147.578747            0.514790                   1
          153.569014            0.514840                   1
          155.550263            0.514760                   1
          159.543792            0.514770                   1
          165.518479            0.514780                   1
          167.499875            0.515440                   1
          177.499089            0.514760                   1
          183.473783            0.514780                   1
          185.454909            0.514820                   1
          191.445298            0.514750                   1
          193.426420            0.514800                   1
          195.407602            0.515300                   1
          207.403846            0.514750                   1
          209.384980            0.514750                   1
          211.366148            0.514730                   1
          215.359693            0.514710                   1
          219.337617            0.514790                   1
          229.321453            0.514750                   1
          235.311676            0.514790                   1
          241.286511            0.514700                   1
          249.273494            0.514790                   1
          253.267059            0.514710                   1
          257.244906            0.514880                   1
          267.213240            0.514780                   1
          273.203489            0.514820                   1
          277.165865            0.514820                   1
          283.156143            0.514800                   1
          289.115229            0.515300                   1
          309.067334            0.514780                   1
          317.038804            0.514830                   1
          319.035566            0.514830                   1
          321.016735            0.514800                   1
          322.997848            0.514840                   1
          324.979047            0.514850                   1
          328.972639            0.514790                   1
          336.959638            0.514850                   1
            8.031911            0.514950                   1
           10.028474            0.514770                   1
           14.006423            0.514710                   1
           21.993477            0.514870                   1
           23.974716            0.514720                   1
           27.968115            0.514890                   1
           35.939630            0.514890                   1
           37.936408            0.514830                   1
           45.908843            0.514870                   1
           55.907322            0.514790                   1
           57.888512            0.514750                   1
           65.875530            0.514820                   1
           71.850301            0.514760                   1
           83.846470            0.514740                   1
           93.830400            0.514730                   1
           97.808258            0.514790                   1
          103.798508            0.514820                   1
          105.779720            0.514810                   1
          107.760856            0.514840                   1
          109.742044            0.514760                   1
          111.723796            0.529860                   1
          117.713548            0.514780                   1
          121.707052            0.514850                   1
          129.678536            0.514740                   1
          131.675345            0.514740                   1
          137.650057            0.514720                   1
          141.643481            0.514840                   1
          147.618214            0.514840                   1
          153.608556            0.514760                   1
          155.589698            0.514830                   1
          157.570872            0.514730                   1
          159.567613            0.514810                   1
          165.526752            0.514790                   1
          167.508340            0.515410                   1
          177.507344            0.514810                   1
          181.469734            0.514780                   1
          189.441113            0.514830                   1
          191.422360            0.514720                   1
          201.406194            0.514780                   1
          205.399764            0.514760                   1
          209.377701            0.514720                   1
          211.358818            0.514810                   1
          215.352374            0.514790                   1
          217.333520            0.514830                   1
          229.314108            0.514810                   1
          235.304408            0.514790                   1
          239.282344            0.514770                   1
          241.263526            0.514760                   1
          247.253798            0.514860                   1
          255.240879            0.514830                   1
          257.222106            0.514770                   1
          261.200649            0.529720                   1
          265.193454            0.514880                   1
          273.180628            0.514790                   1
          277.158585            0.514660                   1
          279.139690            0.514800                   1
          281.136465            0.514820                   1
          293.117061            0.514730                   1
          295.098217            0.514830                   1
          297.079387            0.514770                   1
          303.069760            0.514730                   1
          307.047676            0.514690                   1
          311.041242            0.514760                   1
          313.022375            0.514720                   1
          317.000569            0.515360                   1
          322.990613            0.514740                   1
          326.984117            0.514870                   1
          334.955570            0.514820                   1
          336.952381            0.514810                   1
            8.021312            0.514880                   1
           10.017878            0.514830                   1
           18.005013            0.514740                   1
           23.979739            0.514780                   1
           27.973234            0.514750                   1
           33.947940            0.514720                   1
           41.935010            0.514810                   1
           43.916130            0.514780                   1
           47.909714            0.514770                   1
           53.884379            0.514760                   1
           55.881237            0.514760                   1
           65.865036            0.514760                   1
           67.846171            0.514720                   1
           73.820896            0.515320                   1
           81.807915            0.514780                   1
           85.801513            0.514750                   1
           91.776185            0.514790                   1
           93.773001            0.514810                   1
          103.756757            0.514890                   1
          109.731512            0.514760                   1
          113.725033            0.514730                   1
          115.706205            0.514720                   1
          117.687414            0.514690                   1
          121.680930            0.514790                   1
          125.658762            0.514890                   1
          131.649138            0.514840                   1
          143.629729            0.514780                   1
          147.607730            0.514750                   1
          157.575884            0.514790                   1
          159.572706            0.514740                   1
          165.531738            0.514830                   1
          167.513100            0.515360                   1
          173.503251            0.514780                   1
          177.496863            0.514770                   1
          179.477943            0.514750                   1
          181.459169            0.514740                   1
          189.446234            0.514750                   1
          193.424174            0.514740                   1
          197.417703            0.514760                   1
          199.398843            0.514780                   1
          203.376782            0.514780                   1
          213.360650            0.514730                   1
          215.357321            0.514850                   1
          221.332079            0.514760                   1
          229.319165            0.514830                   1
          231.300317            0.514780                   1
          235.293920            0.514720                   1
          241.268582            0.514790                   1
          243.265351            0.514770                   1
          245.246529            0.514730                   1
          247.227628            0.514870                   1
          251.205603            0.515230                   1
          259.192691            0.514760                   1
          261.174648            0.529570                   1
          271.173249            0.514890                   1
          277.147999            0.514800                   1
          285.135059            0.514700                   1
          287.116232            0.514730                   1
          289.097685            0.515410                   1
          297.068830            0.514820                   1
          309.065063            0.514790                   1
          315.024167            0.514760                   1
          321.014458            0.514830                   1
          322.995623            0.514820                   1
          324.976772            0.514760                   1
          326.973542            0.514760                   1
          338.954252            0.514720                   1
          340.935344            0.514790                   1
