           16.003834            0.514800                   1
           73.816709            0.515510                   1
           79.806837            0.514710                   1
           91.771819            0.514740                   1
           93.768602            0.514740                   1
          103.736894            0.514760                   1
          121.692111            0.514810                   1
          123.673321            0.514740                   1
          155.574810            0.514750                   1
          163.561885            0.514660                   1
          167.539818            0.515360                   1
          191.454246            0.514810                   1
          193.435391            0.514790                   1
          195.416586            0.515430                   1
          197.413353            0.514800                   1
          215.384289            0.514680                   1
          225.336855            0.514810                   1
          249.251317            0.514780                   1
          257.222790            0.514810                   1
          263.197475            0.514830                   1
          287.127461            0.514780                   1
          289.108946            0.515360                   1
          330.993968            0.514780                   1
          334.956310            0.514750                   1
            8.023552            0.514930                   1
           19.988432            0.514800                   1
           25.963141            0.514730                   1
           27.959899            0.514790                   1
           49.908787            0.514720                   1
           61.873767            0.514810                   1
           71.826347            0.514840                   1
           81.810185            0.514810                   1
          119.670805            0.514780                   1
          131.635884            0.514720                   1
          147.578747            0.514790                   1
          155.550263            0.514760                   1
          165.518479            0.514780                   1
          183.473783            0.514780                   1
          185.454909            0.514820                   1
          207.403846            0.514750                   1
          209.384980            0.514750                   1
          215.359693            0.514710                   1
          253.267059            0.514710                   1
          273.203489            0.514820                   1
          289.115229            0.515300                   1
          309.067334            0.514780                   1
          319.035566            0.514830                   1
          324.979047            0.514850                   1
           10.028474            0.514770                   1
           23.974716            0.514720                   1
           45.908843            0.514870                   1
           55.907322            0.514790                   1
           57.888512            0.514750                   1
           65.875530            0.514820                   1
          105.779720            0.514810                   1
          109.742044            0.514760                   1
          121.707052            0.514850                   1
          129.678536            0.514740                   1
          147.618214            0.514840                   1
          153.608556            0.514760                   1
          155.589698            0.514830                   1
          177.507344            0.514810                   1
          201.406194            0.514780                   1
          217.333520            0.514830                   1
          241.263526            0.514760                   1
          273.180628            0.514790                   1
          293.117061            0.514730                   1
          297.079387            0.514770                   1
          307.047676            0.514690                   1
          322.990613            0.514740                   1
          326.984117            0.514870                   1
          334.955570            0.514820                   1
           18.005013            0.514740                   1
           27.973234            0.514750                   1
           53.884379            0.514760                   1
           55.881237            0.514760                   1
           73.820896            0.515320                   1
           81.807915            0.514780                   1
          103.756757            0.514890                   1
          109.731512            0.514760                   1
          121.680930            0.514790                   1
          143.629729            0.514780                   1
          147.607730            0.514750                   1
          179.477943            0.514750                   1
          229.319165            0.514830                   1
          235.293920            0.514720                   1
          243.265351            0.514770                   1
          247.227628            0.514870                   1
          251.205603            0.515230                   1
          277.147999            0.514800                   1
          287.116232            0.514730                   1
          297.068830            0.514820                   1
          309.065063            0.514790                   1
          322.995623            0.514820                   1
          338.954252            0.514720                   1
          340.935344            0.514790                   1
