          181.501609            0.514770    1
          187.476301            0.514800    1
          237.286298            0.514700    1
          127.642305            0.514700    1
          139.607527            0.515540    1
          259.226187            0.514730    1
          275.184681            0.514850    1
          285.137319            0.514820    1
          297.102342            0.514760    1
          299.084264            0.529610    1
          307.070552            0.514780    1
          338.940907            0.514700    1
          163.545597            0.514780    1
          179.488551            0.514750    1
          149.604471            0.514800    1
          163.550653            0.514800    1
          293.090954            0.514810    1
          313.042953            0.514800    1
