           14.022712            0.514750                   1
           23.975377            0.514740                   1
           41.946263            0.514820                   1
           45.924406            0.515400                   1
           55.908004            0.514790                   1
           57.889193            0.514790                   1
           85.797138            0.514780                   1
          101.740066            0.515170                   1
          105.718034            0.514760                   1
          109.695917            0.514800                   1
          131.644732            0.514880                   1
          147.603266            0.514790                   1
          153.593655            0.514700                   1
          175.526852            0.514800                   1
          229.314819            0.514740                   1
          231.295914            0.514840                   1
          255.241586            0.514780                   1
          271.168916            0.514790                   1
          299.108090            0.514760                   1
          307.048328            0.514840                   1
          332.975106            0.514830                   1
           39.940563            0.514660                   1
           87.800548            0.514820                   1
           93.759657            0.514750                   1
           95.740856            0.514730                   1
          101.715509            0.515160                   1
          115.692886            0.514750                   1
          159.543792            0.514770                   1
          177.499089            0.514760                   1
          193.426420            0.514800                   1
          211.366148            0.514730                   1
          219.337617            0.514790                   1
          267.213240            0.514780                   1
          283.156143            0.514800                   1
          317.038804            0.514830                   1
          321.016735            0.514800                   1
            8.031911            0.514950                   1
           14.006423            0.514710                   1
           21.993477            0.514870                   1
           35.939630            0.514890                   1
           37.936408            0.514830                   1
           71.850301            0.514760                   1
           97.808258            0.514790                   1
          107.760856            0.514840                   1
          111.723796            0.529860                   1
          117.713548            0.514780                   1
          131.675345            0.514740                   1
          159.567613            0.514810                   1
          167.508340            0.515410                   1
          189.441113            0.514830                   1
          205.399764            0.514760                   1
          209.377701            0.514720                   1
          257.222106            0.514770                   1
          265.193454            0.514880                   1
          279.139690            0.514800                   1
          303.069760            0.514730                   1
          313.022375            0.514720                   1
          336.952381            0.514810                   1
            8.021312            0.514880                   1
           23.979739            0.514780                   1
           33.947940            0.514720                   1
           41.935010            0.514810                   1
           47.909714            0.514770                   1
           93.773001            0.514810                   1
          115.706205            0.514720                   1
          125.658762            0.514890                   1
          159.572706            0.514740                   1
          173.503251            0.514780                   1
          193.424174            0.514740                   1
          199.398843            0.514780                   1
          213.360650            0.514730                   1
          215.357321            0.514850                   1
          221.332079            0.514760                   1
          241.268582            0.514790                   1
          285.135059            0.514700                   1
          315.024167            0.514760                   1
          321.014458            0.514830                   1
          326.973542            0.514760                   1
