           14.022712            1.224900                   1
           23.975377            0.695990                   1
           41.946263            0.916610                   1
           45.924406            0.778400                   1
           55.908004            0.634510                   1
           57.889193            0.573310                   1
           85.797138            0.752640                   1
          101.740066            0.961310                   1
          105.718034            0.823250                   1
          109.695917            0.725280                   1
          131.644732            0.679900                   1
          147.603266            1.032990                   1
          153.593655            0.882460                   1
          175.526852            1.252690                   1
          229.314819            1.279370                   1
          231.295914            0.962210                   1
          255.241586            1.191910                   1
          271.168916            1.296190                   1
          299.108090            1.076330                   1
          307.048328            0.831970                   1
          332.975106            1.104500                   1
           39.940563            0.666350                   1
           87.800548            0.781170                   1
           93.759657            0.645950                   1
           95.740856            0.632700                   1
          101.715509            0.673910                   1
          115.692886            0.784130                   1
          159.543792            0.700130                   1
          177.499089            1.064400                   1
          193.426420            0.920660                   1
          211.366148            0.932550                   1
          219.337617            0.840800                   1
          267.213240            1.171990                   1
          283.156143            1.132690                   1
          317.038804            1.161190                   1
          321.016735            0.647230                   1
            8.031911            1.063820                   1
           14.006423            0.857170                   1
           21.993477            0.693950                   1
           35.939630            0.971400                   1
           37.936408            0.742590                   1
           71.850301            0.931840                   1
           97.808258            0.797240                   1
          107.760856            0.548390                   1
          111.723796            0.865360                   1
          117.713548            0.907470                   1
          131.675345            0.841330                   1
          159.567613            0.772300                   1
          167.508340            0.615430                   1
          189.441113            0.866090                   1
          205.399764            0.731020                   1
          209.377701            0.776970                   1
          257.222106            1.251410                   1
          265.193454            1.199860                   1
          279.139690            0.877240                   1
          303.069760            0.610650                   1
          313.022375            0.577730                   1
          336.952381            0.583170                   1
            8.021312            0.906450                   1
           23.979739            0.739590                   1
           33.947940            0.651180                   1
           41.935010            0.624450                   1
           47.909714            0.641020                   1
           93.773001            0.648600                   1
          115.706205            0.682840                   1
          125.658762            0.690040                   1
          159.572706            0.959180                   1
          173.503251            1.100350                   1
          193.424174            0.626900                   1
          199.398843            0.788060                   1
          213.360650            0.737890                   1
          215.357321            0.725200                   1
          221.332079            0.878300                   1
          241.268582            0.877260                   1
          285.135059            0.913720                   1
          315.024167            0.879850                   1
          321.014458            0.889480                   1
          326.973542            0.682260                   1
