            8.032629            1.263130                   1
           17.985921            0.509600                   1
           31.962394            0.972730                   1
           53.911239            1.031360                   1
           63.863890            1.062470                   1
           65.860673            0.601570                   1
           67.841834            0.588350                   1
          127.651312            0.993460                   1
          139.616725            0.899700                   1
          179.520317            0.779120                   1
          185.479513            0.739760                   1
          209.393864            0.904810                   1
          219.362144            0.712300                   1
          223.340067            0.774240                   1
          247.270162            0.819560                   1
          261.201264            0.808110                   1
          267.175406            0.633850                   1
          275.146837            0.806250                   1
          301.089225            0.799180                   1
          305.067169            0.893130                   1
          309.045198            0.715050                   1
          319.029085            1.306830                   1
          323.006947            0.584890                   1
          340.946611            0.772770                   1
           12.017001            0.590680                   1
           15.994881            0.644710                   1
           47.927579            0.767160                   1
           63.854895            0.671440                   1
           69.845279            0.728930                   1
           89.781785            0.631890                   1
           91.762866            0.594770                   1
          113.711669            0.853430                   1
          143.600792            0.739570                   1
          153.569014            1.107080                   1
          167.499875            0.695860                   1
          191.445298            0.709850                   1
          195.407602            0.675420                   1
          229.321453            0.992740                   1
          235.311676            0.778370                   1
          241.286511            0.859360                   1
          249.273494            0.944180                   1
          257.244906            0.852600                   1
          277.165865            0.731190                   1
          322.997848            0.650000                   1
          328.972639            0.819090                   1
          336.959638            1.111830                   1
           27.968115            0.655170                   1
           83.846470            0.999380                   1
           93.830400            0.999220                   1
          103.798508            0.774820                   1
          137.650057            0.714440                   1
          141.643481            0.536920                   1
          157.570872            0.609150                   1
          165.526752            0.573040                   1
          181.469734            0.677670                   1
          191.422360            0.588800                   1
          211.358818            0.739820                   1
          215.352374            0.794180                   1
          229.314108            1.064100                   1
          235.304408            0.857630                   1
          239.282344            0.855600                   1
          247.253798            0.867960                   1
          255.240879            0.680730                   1
          261.200649            0.784820                   1
          277.158585            0.706440                   1
          281.136465            0.568460                   1
          295.098217            0.566380                   1
          311.041242            0.678910                   1
          317.000569            0.815440                   1
           10.017878            0.515120                   1
           43.916130            0.658690                   1
           65.865036            0.613240                   1
           67.846171            0.576010                   1
           85.801513            0.676250                   1
           91.776185            0.517420                   1
          113.725033            0.552060                   1
          117.687414            0.541570                   1
          131.649138            0.779500                   1
          157.575884            0.812100                   1
          165.531738            0.680070                   1
          167.513100            0.610610                   1
          177.496863            0.618580                   1
          181.459169            0.504270                   1
          189.446234            0.604930                   1
          197.417703            0.721250                   1
          203.376782            0.722050                   1
          231.300317            0.645860                   1
          245.246529            0.523290                   1
          259.192691            0.736760                   1
          261.174648            1.146730                   1
          271.173249            0.883850                   1
          289.097685            0.591020                   1
          324.976772            0.551040                   1
