            8.032629            1.263130                   1
           14.022712            1.224900                   1
           16.003834            0.667710                   1
           17.985921            0.509600                   1
           23.975377            0.695990                   1
           31.962394            0.972730                   1
           41.946263            0.916610                   1
           45.924406            0.778400                   1
           53.911239            1.031360                   1
           55.908004            0.634510                   1
           57.889193            0.573310                   1
           63.863890            1.062470                   1
           65.860673            0.601570                   1
           67.841834            0.588350                   1
           73.816709            1.037400                   1
           79.806837            1.095090                   1
           85.797138            0.752640                   1
           91.771819            0.593810                   1
           93.768602            0.540950                   1
          101.740066            0.961310                   1
          103.736894            0.515020                   1
          105.718034            0.823250                   1
          109.695917            0.725280                   1
          121.692111            1.016760                   1
          123.673321            0.771520                   1
          127.651312            0.993460                   1
          131.644732            0.679900                   1
          139.616725            0.899700                   1
          147.603266            1.032990                   1
          153.593655            0.882460                   1
          155.574810            0.709240                   1
          163.561885            0.825930                   1
          167.539818            0.847920                   1
          175.526852            1.252690                   1
          179.520317            0.779120                   1
          185.479513            0.739760                   1
          191.454246            0.596900                   1
          193.435391            0.527700                   1
          195.416586            0.666410                   1
          197.413353            0.589620                   1
          209.393864            0.904810                   1
          215.384289            0.682240                   1
          219.362144            0.712300                   1
          223.340067            0.774240                   1
          225.336855            0.697410                   1
          229.314819            1.279370                   1
          231.295914            0.962210                   1
          247.270162            0.819560                   1
          249.251317            0.758360                   1
          255.241586            1.191910                   1
          257.222790            0.626720                   1
          261.201264            0.808110                   1
          263.197475            0.547940                   1
          267.175406            0.633850                   1
          271.168916            1.296190                   1
          275.146837            0.806250                   1
          287.127461            0.929280                   1
          289.108946            0.843790                   1
          299.108090            1.076330                   1
          301.089225            0.799180                   1
          305.067169            0.893130                   1
          307.048328            0.831970                   1
          309.045198            0.715050                   1
          319.029085            1.306830                   1
          323.006947            0.584890                   1
          330.993968            0.917700                   1
          332.975106            1.104500                   1
          334.956310            0.635260                   1
          340.946611            0.772770                   1
            8.023552            1.072210                   1
           12.017001            0.590680                   1
           15.994881            0.644710                   1
           19.988432            0.619020                   1
           25.963141            0.804160                   1
           27.959899            0.735350                   1
           39.940563            0.666350                   1
           47.927579            0.767160                   1
           49.908787            0.497950                   1
           61.873767            0.652640                   1
           63.854895            0.671440                   1
           69.845279            0.728930                   1
           71.826347            0.619790                   1
           81.810185            0.811700                   1
           87.800548            0.781170                   1
           89.781785            0.631890                   1
           91.762866            0.594770                   1
           93.759657            0.645950                   1
           95.740856            0.632700                   1
          101.715509            0.673910                   1
          113.711669            0.853430                   1
          115.692886            0.784130                   1
          119.670805            0.774160                   1
          131.635884            0.664760                   1
          143.600792            0.739570                   1
          147.578747            0.721490                   1
          153.569014            1.107080                   1
          155.550263            0.645790                   1
          159.543792            0.700130                   1
          165.518479            0.685310                   1
          167.499875            0.695860                   1
          177.499089            1.064400                   1
          183.473783            0.745550                   1
          185.454909            0.988380                   1
          191.445298            0.709850                   1
          193.426420            0.920660                   1
          195.407602            0.675420                   1
          207.403846            0.902880                   1
          209.384980            0.697690                   1
          211.366148            0.932550                   1
          215.359693            0.690800                   1
          219.337617            0.840800                   1
          229.321453            0.992740                   1
          235.311676            0.778370                   1
          241.286511            0.859360                   1
          249.273494            0.944180                   1
          253.267059            0.662600                   1
          257.244906            0.852600                   1
          267.213240            1.171990                   1
          273.203489            0.669630                   1
          277.165865            0.731190                   1
          283.156143            1.132690                   1
          289.115229            0.645500                   1
          309.067334            0.804900                   1
          317.038804            1.161190                   1
          319.035566            0.652440                   1
          321.016735            0.647230                   1
          322.997848            0.650000                   1
          324.979047            0.660770                   1
          328.972639            0.819090                   1
          336.959638            1.111830                   1
            8.031911            1.063820                   1
           10.028474            0.739220                   1
           14.006423            0.857170                   1
           21.993477            0.693950                   1
           23.974716            0.592640                   1
           27.968115            0.655170                   1
           35.939630            0.971400                   1
           37.936408            0.742590                   1
           45.908843            0.657970                   1
           55.907322            0.659220                   1
           57.888512            0.517970                   1
           65.875530            0.738780                   1
           71.850301            0.931840                   1
           83.846470            0.999380                   1
           93.830400            0.999220                   1
           97.808258            0.797240                   1
          103.798508            0.774820                   1
          105.779720            0.649570                   1
          107.760856            0.548390                   1
          109.742044            0.567170                   1
          111.723796            0.865360                   1
          117.713548            0.907470                   1
          121.707052            0.745870                   1
          129.678536            0.886170                   1
          131.675345            0.841330                   1
          137.650057            0.714440                   1
          141.643481            0.536920                   1
          147.618214            0.634020                   1
          153.608556            0.907540                   1
          155.589698            0.758370                   1
          157.570872            0.609150                   1
          159.567613            0.772300                   1
          165.526752            0.573040                   1
          167.508340            0.615430                   1
          177.507344            0.840170                   1
          181.469734            0.677670                   1
          189.441113            0.866090                   1
          191.422360            0.588800                   1
          201.406194            0.836690                   1
          205.399764            0.731020                   1
          209.377701            0.776970                   1
          211.358818            0.739820                   1
          215.352374            0.794180                   1
          217.333520            0.676930                   1
          229.314108            1.064100                   1
          235.304408            0.857630                   1
          239.282344            0.855600                   1
          241.263526            0.650430                   1
          247.253798            0.867960                   1
          255.240879            0.680730                   1
          257.222106            1.251410                   1
          261.200649            0.784820                   1
          265.193454            1.199860                   1
          273.180628            0.828470                   1
          277.158585            0.706440                   1
          279.139690            0.877240                   1
          281.136465            0.568460                   1
          293.117061            0.675580                   1
          295.098217            0.566380                   1
          297.079387            0.529160                   1
          303.069760            0.610650                   1
          307.047676            0.632640                   1
          311.041242            0.678910                   1
          313.022375            0.577730                   1
          317.000569            0.815440                   1
          322.990613            0.697250                   1
          326.984117            0.655640                   1
          334.955570            0.828040                   1
          336.952381            0.583170                   1
            8.021312            0.906450                   1
           10.017878            0.515120                   1
           18.005013            0.730420                   1
           23.979739            0.739590                   1
           27.973234            0.618060                   1
           33.947940            0.651180                   1
           41.935010            0.624450                   1
           43.916130            0.658690                   1
           47.909714            0.641020                   1
           53.884379            0.642210                   1
           55.881237            0.565300                   1
           65.865036            0.613240                   1
           67.846171            0.576010                   1
           73.820896            0.617190                   1
           81.807915            0.829950                   1
           85.801513            0.676250                   1
           91.776185            0.517420                   1
           93.773001            0.648600                   1
          103.756757            0.872560                   1
          109.731512            0.665630                   1
          113.725033            0.552060                   1
          115.706205            0.682840                   1
          117.687414            0.541570                   1
          121.680930            0.659930                   1
          125.658762            0.690040                   1
          131.649138            0.779500                   1
          143.629729            1.086580                   1
          147.607730            0.676490                   1
          157.575884            0.812100                   1
          159.572706            0.959180                   1
          165.531738            0.680070                   1
          167.513100            0.610610                   1
          173.503251            1.100350                   1
          177.496863            0.618580                   1
          179.477943            0.733490                   1
          181.459169            0.504270                   1
          189.446234            0.604930                   1
          193.424174            0.626900                   1
          197.417703            0.721250                   1
          199.398843            0.788060                   1
          203.376782            0.722050                   1
          213.360650            0.737890                   1
          215.357321            0.725200                   1
          221.332079            0.878300                   1
          229.319165            0.722990                   1
          231.300317            0.645860                   1
          235.293920            1.164070                   1
          241.268582            0.877260                   1
          243.265351            0.520520                   1
          245.246529            0.523290                   1
          247.227628            0.526120                   1
          251.205603            1.235990                   1
          259.192691            0.736760                   1
          261.174648            1.146730                   1
          271.173249            0.883850                   1
          277.147999            0.924980                   1
          285.135059            0.913720                   1
          287.116232            0.804530                   1
          289.097685            0.591020                   1
          297.068830            0.627710                   1
          309.065063            0.807160                   1
          315.024167            0.879850                   1
          321.014458            0.889480                   1
          322.995623            0.852270                   1
          324.976772            0.551040                   1
          326.973542            0.682260                   1
          338.954252            0.845230                   1
          340.935344            0.744080                   1
