            8.032629            0.514970                   1
           17.985921            0.529520                   1
           31.962394            0.514870                   1
           53.911239            0.514740                   1
           63.863890            0.514740                   1
           65.860673            0.514720                   1
           67.841834            0.514790                   1
          127.651312            0.514730                   1
          139.616725            0.515420                   1
          179.520317            0.514880                   1
          185.479513            0.514790                   1
          209.393864            0.514860                   1
          219.362144            0.514790                   1
          223.340067            0.515030                   1
          247.270162            0.514720                   1
          261.201264            0.529870                   1
          267.175406            0.514780                   1
          275.146837            0.514840                   1
          301.089225            0.514750                   1
          305.067169            0.514790                   1
          309.045198            0.514700                   1
          319.029085            0.514660                   1
          323.006947            0.514710                   1
          340.946611            0.514720                   1
           12.017001            0.514780                   1
           15.994881            0.514820                   1
           47.927579            0.514780                   1
           63.854895            0.514830                   1
           69.845279            0.514730                   1
           89.781785            0.514710                   1
           91.762866            0.514770                   1
          113.711669            0.514790                   1
          143.600792            0.514760                   1
          153.569014            0.514840                   1
          167.499875            0.515440                   1
          191.445298            0.514750                   1
          195.407602            0.515300                   1
          229.321453            0.514750                   1
          235.311676            0.514790                   1
          241.286511            0.514700                   1
          249.273494            0.514790                   1
          257.244906            0.514880                   1
          277.165865            0.514820                   1
          322.997848            0.514840                   1
          328.972639            0.514790                   1
          336.959638            0.514850                   1
           27.968115            0.514890                   1
           83.846470            0.514740                   1
           93.830400            0.514730                   1
          103.798508            0.514820                   1
          137.650057            0.514720                   1
          141.643481            0.514840                   1
          157.570872            0.514730                   1
          165.526752            0.514790                   1
          181.469734            0.514780                   1
          191.422360            0.514720                   1
          211.358818            0.514810                   1
          215.352374            0.514790                   1
          229.314108            0.514810                   1
          235.304408            0.514790                   1
          239.282344            0.514770                   1
          247.253798            0.514860                   1
          255.240879            0.514830                   1
          261.200649            0.529720                   1
          277.158585            0.514660                   1
          281.136465            0.514820                   1
          295.098217            0.514830                   1
          311.041242            0.514760                   1
          317.000569            0.515360                   1
           10.017878            0.514830                   1
           43.916130            0.514780                   1
           65.865036            0.514760                   1
           67.846171            0.514720                   1
           85.801513            0.514750                   1
           91.776185            0.514790                   1
          113.725033            0.514730                   1
          117.687414            0.514690                   1
          131.649138            0.514840                   1
          157.575884            0.514790                   1
          165.531738            0.514830                   1
          167.513100            0.515360                   1
          177.496863            0.514770                   1
          181.459169            0.514740                   1
          189.446234            0.514750                   1
          197.417703            0.514760                   1
          203.376782            0.514780                   1
          231.300317            0.514780                   1
          245.246529            0.514730                   1
          259.192691            0.514760                   1
          261.174648            0.529570                   1
          271.173249            0.514890                   1
          289.097685            0.515410                   1
          324.976772            0.514760                   1
