           16.003834            0.667710                   1
           73.816709            1.037400                   1
           79.806837            1.095090                   1
           91.771819            0.593810                   1
           93.768602            0.540950                   1
          103.736894            0.515020                   1
          121.692111            1.016760                   1
          123.673321            0.771520                   1
          155.574810            0.709240                   1
          163.561885            0.825930                   1
          167.539818            0.847920                   1
          191.454246            0.596900                   1
          193.435391            0.527700                   1
          195.416586            0.666410                   1
          197.413353            0.589620                   1
          215.384289            0.682240                   1
          225.336855            0.697410                   1
          249.251317            0.758360                   1
          257.222790            0.626720                   1
          263.197475            0.547940                   1
          287.127461            0.929280                   1
          289.108946            0.843790                   1
          330.993968            0.917700                   1
          334.956310            0.635260                   1
            8.023552            1.072210                   1
           19.988432            0.619020                   1
           25.963141            0.804160                   1
           27.959899            0.735350                   1
           49.908787            0.497950                   1
           61.873767            0.652640                   1
           71.826347            0.619790                   1
           81.810185            0.811700                   1
          119.670805            0.774160                   1
          131.635884            0.664760                   1
          147.578747            0.721490                   1
          155.550263            0.645790                   1
          165.518479            0.685310                   1
          183.473783            0.745550                   1
          185.454909            0.988380                   1
          207.403846            0.902880                   1
          209.384980            0.697690                   1
          215.359693            0.690800                   1
          253.267059            0.662600                   1
          273.203489            0.669630                   1
          289.115229            0.645500                   1
          309.067334            0.804900                   1
          319.035566            0.652440                   1
          324.979047            0.660770                   1
           10.028474            0.739220                   1
           23.974716            0.592640                   1
           45.908843            0.657970                   1
           55.907322            0.659220                   1
           57.888512            0.517970                   1
           65.875530            0.738780                   1
          105.779720            0.649570                   1
          109.742044            0.567170                   1
          121.707052            0.745870                   1
          129.678536            0.886170                   1
          147.618214            0.634020                   1
          153.608556            0.907540                   1
          155.589698            0.758370                   1
          177.507344            0.840170                   1
          201.406194            0.836690                   1
          217.333520            0.676930                   1
          241.263526            0.650430                   1
          273.180628            0.828470                   1
          293.117061            0.675580                   1
          297.079387            0.529160                   1
          307.047676            0.632640                   1
          322.990613            0.697250                   1
          326.984117            0.655640                   1
          334.955570            0.828040                   1
           18.005013            0.730420                   1
           27.973234            0.618060                   1
           53.884379            0.642210                   1
           55.881237            0.565300                   1
           73.820896            0.617190                   1
           81.807915            0.829950                   1
          103.756757            0.872560                   1
          109.731512            0.665630                   1
          121.680930            0.659930                   1
          143.629729            1.086580                   1
          147.607730            0.676490                   1
          179.477943            0.733490                   1
          229.319165            0.722990                   1
          235.293920            1.164070                   1
          243.265351            0.520520                   1
          247.227628            0.526120                   1
          251.205603            1.235990                   1
          277.147999            0.924980                   1
          287.116232            0.804530                   1
          297.068830            0.627710                   1
          309.065063            0.807160                   1
          322.995623            0.852270                   1
          338.954252            0.845230                   1
          340.935344            0.744080                   1
