          181.501609            1.029780    1
          187.476301            0.934920    1
          237.286298            1.371710    1
           51.889850            0.612770    1
          123.664352            1.515790    1
          127.642305            0.922420    1
          139.607527            1.515790    1
          259.226187            1.039260    1
          275.184681            1.515790    1
          285.137319            1.127480    1
          297.102342            1.170150    1
          299.084264            1.004170    1
          307.070552            1.297690    1
          338.940907            0.970550    1
          163.545597            0.834220    1
          179.488551            1.010870    1
          187.460032            1.515790    1
          149.604471            0.919700    1
          163.550653            0.925170    1
          293.090954            1.133630    1
          313.042953            0.893160    1
