           25.974158             0.51476                   1
           29.967651             0.51482                   1
           31.948877             0.51471                   1
           49.904260             0.51473                   1
           59.856884             0.51482                   1
           81.805778             0.51478                   1
           89.746087             0.51475                   1
          111.663813             0.51477                   1
          125.625686             0.51475                   1
          129.603564             0.51492                   1
          135.593950             0.51473                   1
          151.568070             0.51480                   1
          153.549221             0.51485                   1
          157.527208             0.51470                   1
          167.495487             0.51528                   1
          187.447619             0.51469                   1
          239.285741             0.51482                   1
          251.235161             0.51476                   1
          275.180877             0.51478                   1
          277.162010             0.51473                   1
          305.101274             0.51480                   1
          313.072764             0.51482                   1
          323.041011             0.51480                   1
          336.972262             0.52975                   1
