           27.957581             0.51473                   1
           83.821366             0.51481                   1
           93.805382             0.52937                   1
          103.788166             0.51483                   1
          137.639783             0.51477                   1
          141.633285             0.51482                   1
          157.560661             0.51480                   1
          165.516573             0.51481                   1
          181.459583             0.51478                   1
          187.449904             0.51475                   1
          211.348797             0.51477                   1
          215.342304             0.51483                   1
          229.304199             0.51471                   1
          235.294431             0.51478                   1
          239.272424             0.51471                   1
          247.243902             0.51476                   1
          255.231003             0.51474                   1
          261.190117             0.51536                   1
          277.148704             0.51478                   1
          281.126611             0.51483                   1
          295.088554             0.51470                   1
          311.031498             0.51480                   1
          316.990591             0.51488                   1
