            8.030550             0.51498                   1
           23.989019             0.51476                   1
           33.957278             0.51479                   1
           41.944320             0.51483                   1
           47.919037             0.51481                   1
           93.782451             0.51479                   1
          115.715792             0.51476                   1
          125.668473             0.51476                   1
          149.599393             0.52951                   1
          159.582405             0.51475                   1
          163.560333             0.51482                   1
          173.512967             0.51486                   1
          193.433984             0.51478                   1
          199.408674             0.51479                   1
          213.370480             0.51478                   1
          215.367336             0.51473                   1
          221.341990             0.51475                   1
          241.278499             0.51485                   1
          285.145078             0.51483                   1
          293.101018             0.51480                   1
          313.053184             0.51478                   1
          315.034404             0.51474                   1
          321.024661             0.51481                   1
          326.968373             0.51540                   1
