            8.034468             0.51500                   1
           10.031168             0.51475                   1
           41.932690             0.51488                   1
           47.923078             0.51473                   1
           57.875706             0.51486                   1
           85.783739             0.51473                   1
           93.724037             0.51480                   1
           95.705218             0.51469                   1
          117.638516             0.51471                   1
          139.572360             0.52977                   1
          165.514292             0.51477                   1
          177.464575             0.52957                   1
          203.406222             0.51475                   1
          217.368001             0.51480                   1
          227.336325             0.51473                   1
          241.266887             0.51474                   1
          267.209335             0.51484                   1
          273.199673             0.51480                   1
          285.149064             0.51484                   1
          295.132999             0.51477                   1
          309.079945             0.52959                   1
          319.063141             0.51474                   1
          330.996957             0.51478                   1
          338.968414             0.51483                   1
