           14.009106             0.51477                   1
           15.990241             0.51479                   1
           51.885420             0.51478                   1
           67.843993             0.51467                   1
           75.831057             0.51479                   1
           83.787742             0.52954                   1
           87.764956             0.51468                   1
           91.727294             0.51476                   1
          105.689002             0.51485                   1
          107.670221             0.51480                   1
          173.485821             0.51474                   1
          179.460530             0.51469                   1
          199.428317             0.51473                   1
          207.399774             0.51472                   1
          213.374462             0.51476                   1
          225.355180             0.51476                   1
          229.317470             0.51471                   1
          237.304559             0.51481                   1
          245.260455             0.51477                   1
          255.228782             0.51477                   1
          301.123355             0.51476                   1
          325.022198             0.51479                   1
          327.003253             0.51521                   1
          340.949608             0.51476                   1
