           19.981791             0.51472                   1
           23.959649             0.51479                   1
           47.889763             0.51477                   1
           71.835418             0.51479                   1
           89.744042             0.51468                   1
           91.725145             0.51476                   1
           95.703192             0.51472                   1
          101.678142             0.51544                   1
          125.561078             0.51487                   1
          157.478278             0.51525                   1
          177.430491             0.51468                   1
          189.379904             0.51467                   1
          197.351419             0.51474                   1
          199.332548             0.51480                   1
          203.310551             0.51475                   1
          219.269107             0.51476                   1
          243.214793             0.51475                   1
          259.157769             0.51481                   1
          281.106653             0.51481                   1
          297.049661             0.51480                   1
          307.002315             0.51486                   1
          312.992593             0.51485                   1
          328.966850             0.51477                   1
