           10.027188             0.51479                   1
           43.925516             0.51474                   1
           65.874381             0.51495                   1
           67.855613             0.51474                   1
           85.810937             0.51483                   1
           91.785703             0.51481                   1
          113.734633             0.51467                   1
          117.696964             0.51479                   1
          131.658744             0.51473                   1
          157.585620             0.51476                   1
          165.541532             0.51470                   1
          167.522632             0.51524                   1
          177.491674             0.52969                   1
          181.468905             0.51479                   1
          189.455995             0.51475                   1
          197.427579             0.51468                   1
          203.386648             0.51473                   1
          231.310305             0.51473                   1
          245.256465             0.51479                   1
          259.202676             0.51475                   1
          261.183893             0.51538                   1
          271.168516             0.52958                   1
          289.107415             0.51503                   1
          324.987029             0.51474                   1
