           10.028969             0.51492                   1
           13.991418             0.51468                   1
           37.937129             0.51476                   1
           73.816634             0.51527                   1
           79.806930             0.51482                   1
           83.785754             0.52952                   1
           85.781668             0.51480                   1
           93.721943             0.51479                   1
          115.608451             0.51473                   1
          127.542308             0.51473                   1
          137.526151             0.51475                   1
          167.447344             0.52955                   1
          169.443338             0.51478                   1
          181.408348             0.51481                   1
          193.357792             0.51483                   1
          233.231920             0.52939                   1
          241.218022             0.51477                   1
          249.189533             0.51477                   1
          261.139649             0.52973                   1
          267.129302             0.51467                   1
          277.113168             0.51481                   1
          289.078155             0.51532                   1
          316.970602             0.51522                   1
          340.947496             0.51484                   1
