           18.014269             0.51480                   1
           27.982541             0.51478                   1
           53.893800             0.51478                   1
           55.890561             0.51480                   1
           73.830268             0.51537                   1
           81.817411             0.51477                   1
          103.766356             0.51476                   1
          109.741034             0.51477                   1
          121.690536             0.51474                   1
          143.639387             0.51479                   1
          147.617346             0.51476                   1
          179.487714             0.51483                   1
          229.329052             0.51482                   1
          235.303745             0.51482                   1
          243.275285             0.51479                   1
          247.237653             0.51478                   1
          251.215592             0.51475                   1
          277.158046             0.51477                   1
          287.126299             0.51480                   1
          297.078998             0.51477                   1
          309.075229             0.51477                   1
          323.005831             0.51480                   1
          338.964490             0.51474                   1
          340.945640             0.51480                   1
