            8.021166             0.51491                   1
           13.995772             0.51483                   1
           21.982869             0.51475                   1
           35.929048             0.51481                   1
           37.925936             0.51468                   1
           71.839845             0.51475                   1
           97.797861             0.51475                   1
          107.750499             0.51477                   1
          111.713067             0.51545                   1
          117.703181             0.51483                   1
          131.665016             0.51480                   1
          159.557449             0.51473                   1
          163.535351             0.51481                   1
          167.497754             0.51545                   1
          179.478423             0.51478                   1
          189.431089             0.51479                   1
          205.374632             0.52983                   1
          209.367628             0.51476                   1
          257.212169             0.51479                   1
          265.183659             0.51478                   1
          279.129779             0.51494                   1
          313.012650             0.51479                   1
          336.942736             0.51480                   1
