           10.017822             0.51481                   1
           23.964001             0.51482                   1
           45.898258             0.52950                   1
           55.896824             0.51473                   1
           57.878014             0.51474                   1
           65.865115             0.51471                   1
          105.769351             0.51471                   1
          109.731712             0.51477                   1
          121.696777             0.51476                   1
          129.668228             0.51483                   1
          147.608026             0.51476                   1
          153.598344             0.51480                   1
          155.579499             0.51480                   1
          177.482377             0.52963                   1
          201.396140             0.51474                   1
          217.323513             0.51474                   1
          241.253582             0.51477                   1
          273.170738             0.51485                   1
          293.107310             0.51481                   1
          297.069555             0.51487                   1
          307.037937             0.51475                   1
          322.980907             0.51473                   1
          326.959252             0.51541                   1
          334.945920             0.51476                   1
