            8.032421             0.51500                   1
           12.010269             0.51476                   1
           31.946799             0.51472                   1
           45.893448             0.51537                   1
           57.873649             0.51477                   1
           69.854263             0.51472                   1
           87.762837             0.51476                   1
          105.671365             0.51476                   1
          107.652594             0.51486                   1
          111.631978             0.52902                   1
          119.586347             0.51487                   1
          123.579933             0.51479                   1
          139.522930             0.51479                   1
          149.506823             0.51471                   1
          159.475160             0.51474                   1
          183.389563             0.51466                   1
          205.307261             0.51476                   1
          213.278725             0.51487                   1
          227.256219             0.51473                   1
          255.179856             0.51483                   1
          293.071736             0.51479                   1
          299.046442             0.51482                   1
          303.024419             0.51473                   1
