            8.021480             0.51502                   1
           23.980006             0.51476                   1
           33.948310             0.51481                   1
           41.935372             0.51483                   1
           47.910142             0.51475                   1
           93.773676             0.51481                   1
          115.707036             0.51486                   1
          125.659772             0.51481                   1
          149.590142             0.51538                   1
          159.573850             0.51478                   1
          163.551783             0.51480                   1
          173.504521             0.51478                   1
          193.425558             0.51471                   1
          199.400244             0.51477                   1
          213.362102             0.51479                   1
          215.343867             0.52983                   1
          221.333642             0.51474                   1
          241.270193             0.51477                   1
          285.137033             0.51475                   1
          293.092902             0.51476                   1
          313.045021             0.51486                   1
          315.026254             0.51484                   1
          321.016635             0.51478                   1
          326.960119             0.51480                   1
