            8.031197             0.51481                   1
           14.005780             0.51479                   1
           21.992884             0.51477                   1
           35.939196             0.51525                   1
           37.935893             0.51486                   1
           71.849965             0.51478                   1
           97.808185             0.51475                   1
          107.760847             0.51472                   1
          111.738778             0.51481                   1
          117.713536             0.51474                   1
          131.675375             0.51478                   1
          159.567898             0.51470                   1
          163.545885             0.51474                   1
          167.523752             0.51487                   1
          179.488849             0.51480                   1
          189.441665             0.51476                   1
          205.400333             0.51469                   1
          209.378130             0.51489                   1
          257.222909             0.51475                   1
          265.194594             0.51462                   1
          303.070834             0.51480                   1
          313.023558             0.51507                   1
          336.953723             0.51476                   1
