            8.034029             0.51480                   1
           10.030695             0.51479                   1
           47.922741             0.51474                   1
           57.875402             0.51478                   1
           85.783545             0.51475                   1
           93.723838             0.51479                   1
           95.705017             0.51483                   1
          117.638425             0.51473                   1
          139.587395             0.51476                   1
          165.514664             0.51533                   1
          177.479441             0.51477                   1
          203.422010             0.51468                   1
          217.368188             0.51484                   1
          227.336481             0.51477                   1
          241.282792             0.51479                   1
          267.209681             0.51508                   1
          273.200040             0.51476                   1
          285.149566             0.51475                   1
          295.133380             0.51503                   1
          319.063582             0.51478                   1
          330.997421             0.51483                   1
          338.969026             0.51475                   1
