           27.967606             0.51481                   1
           83.846267             0.51480                   1
           93.830183             0.51473                   1
          103.798524             0.51475                   1
          137.650118             0.51474                   1
          157.586736             0.51478                   1
          165.527045             0.51535                   1
          181.470081             0.51481                   1
          187.460407             0.51481                   1
          191.422813             0.51474                   1
          211.359375             0.51511                   1
          229.314805             0.51475                   1
          235.305182             0.51476                   1
          239.283078             0.51513                   1
          247.254589             0.51480                   1
          255.241756             0.51481                   1
          261.216483             0.51480                   1
          277.175144             0.51482                   1
          281.137495             0.51480                   1
          295.099695             0.51544                   1
          311.042400             0.51477                   1
          317.017121             0.51479                   1
