           14.008591             0.51484                   1
           15.989825             0.51475                   1
           51.885050             0.51481                   1
           67.843731             0.51474                   1
           75.830809             0.51483                   1
           83.802344             0.51478                   1
           87.764698             0.51477                   1
           91.742653             0.51480                   1
          105.688923             0.51474                   1
          107.670092             0.51481                   1
          173.485825             0.51478                   1
          199.428386             0.51477                   1
          207.399917             0.51477                   1
          213.390229             0.51481                   1
          225.355346             0.51478                   1
          229.317647             0.51480                   1
          237.304781             0.51478                   1
          245.260711             0.51481                   1
          255.228958             0.51491                   1
          301.123763             0.51482                   1
          325.038307             0.51482                   1
          327.019500             0.51477                   1
          340.950079             0.51515                   1
