            8.025494             0.51487                   1
           12.003242             0.51484                   1
           31.939834             0.51486                   1
           45.886495             0.51542                   1
           57.866759             0.51478                   1
           69.847457             0.51480                   1
           87.756101             0.51477                   1
          105.664731             0.51476                   1
          107.645920             0.51476                   1
          111.639463             0.51478                   1
          113.620569             0.51489                   1
          119.579742             0.51481                   1
          123.573341             0.51473                   1
          139.516356             0.51482                   1
          149.500288             0.51477                   1
          159.468558             0.51477                   1
          183.383157             0.51475                   1
          205.300936             0.51475                   1
          213.272452             0.51474                   1
          227.249888             0.51480                   1
          255.173681             0.51474                   1
          293.065654             0.51483                   1
          299.024843             0.51544                   1
          303.018381             0.51477                   1
