           10.018125             0.51472                   1
           43.916577             0.51478                   1
           65.865546             0.51475                   1
           67.846722             0.51483                   1
           85.802146             0.51480                   1
           91.776946             0.51473                   1
          113.725859             0.51484                   1
          117.688284             0.51476                   1
          131.650101             0.51473                   1
          157.577022             0.51482                   1
          165.532935             0.51484                   1
          167.514131             0.51470                   1
          177.482435             0.51538                   1
          181.460355             0.51485                   1
          189.447508             0.51479                   1
          197.419086             0.51478                   1
          203.378205             0.51477                   1
          231.301917             0.51473                   1
          245.248170             0.51478                   1
          259.194445             0.51481                   1
          261.175574             0.51479                   1
          271.159472             0.51517                   1
          289.099297             0.51479                   1
          324.978909             0.51485                   1
