           19.974811             0.51478                   1
           23.952798             0.51468                   1
           39.911381             0.51481                   1
           71.828637             0.51481                   1
           89.737314             0.51475                   1
           91.718427             0.51484                   1
           95.696379             0.51483                   1
          101.671219             0.51535                   1
          125.554510             0.51473                   1
          157.471812             0.51475                   1
          177.424019             0.51477                   1
          189.373471             0.51482                   1
          197.345001             0.51482                   1
          199.326189             0.51482                   1
          203.304122             0.51480                   1
          219.262750             0.51484                   1
          243.208534             0.51481                   1
          259.151566             0.51481                   1
          281.100543             0.51480                   1
          297.043591             0.51478                   1
          306.996276             0.51479                   1
          312.986603             0.51482                   1
          328.960861             0.51487                   1
