           10.022056             0.51479                   1
           13.984501             0.51464                   1
           37.930193             0.51481                   1
           73.809811             0.51524                   1
           79.800171             0.51477                   1
           83.778861             0.52967                   1
           85.775001             0.51470                   1
           93.715170             0.51484                   1
          115.601831             0.51477                   1
          127.535654             0.51484                   1
          137.519589             0.51481                   1
          167.440413             0.51544                   1
          169.436895             0.51480                   1
          181.401950             0.51479                   1
          193.351435             0.51476                   1
          233.224964             0.51539                   1
          241.211737             0.51483                   1
          249.183267             0.51471                   1
          261.132679             0.51535                   1
          277.106964             0.51476                   1
          289.072013             0.51485                   1
          316.964573             0.51485                   1
          340.941621             0.51477                   1
