           25.973699             0.51475                   1
           29.967282             0.51480                   1
           31.948465             0.51476                   1
           49.903883             0.51481                   1
           59.856559             0.51484                   1
           81.805553             0.51476                   1
           89.745828             0.51484                   1
          111.663664             0.51482                   1
          125.625585             0.51469                   1
          129.619077             0.51478                   1
          135.593794             0.51479                   1
          151.568067             0.51478                   1
          153.549221             0.51478                   1
          157.542769             0.51482                   1
          167.511085             0.51485                   1
          187.447707             0.51482                   1
          239.285922             0.51516                   1
          251.251090             0.51475                   1
          277.178037             0.51475                   1
          305.102628             0.52947                   1
          313.073269             0.51474                   1
          323.041550             0.51530                   1
          336.987794             0.51482                   1
