           18.005302             0.51469                   1
           27.973577             0.51478                   1
           53.884890             0.51469                   1
           55.881682             0.51481                   1
           73.821467             0.51490                   1
           81.808589             0.51480                   1
          103.757586             0.51479                   1
          109.732305             0.51478                   1
          121.667025             0.52957                   1
          143.630787             0.51471                   1
          147.608759             0.51481                   1
          179.479260             0.51476                   1
          229.320779             0.51474                   1
          235.295448             0.51481                   1
          243.251563             0.51541                   1
          247.229359             0.51476                   1
          251.207295             0.51479                   1
          277.149860             0.51473                   1
          287.118118             0.51485                   1
          297.070848             0.51476                   1
          309.051507             0.51541                   1
          322.997779             0.51478                   1
          338.956418             0.51481                   1
          340.937551             0.51475                   1
