           10.027775             0.51476                   1
           23.974104             0.51478                   1
           45.923054             0.51476                   1
           55.906897             0.51497                   1
           57.888142             0.51478                   1
           65.875252             0.51477                   1
          105.779657             0.51482                   1
          109.741954             0.51479                   1
          121.707139             0.51470                   1
          129.694185             0.51481                   1
          147.618625             0.51534                   1
          153.608776             0.51474                   1
          155.589898             0.51484                   1
          201.406656             0.51481                   1
          241.279928             0.51474                   1
          273.181573             0.51478                   1
          293.118210             0.51474                   1
          297.096131             0.51481                   1
          307.064449             0.51486                   1
          322.992889             0.52941                   1
          326.985413             0.51479                   1
          334.972593             0.51474                   1
