           39.948762             0.51478                   1
           87.809102             0.51466                   1
           93.768206             0.51471                   1
           95.749396             0.51482                   1
          101.724715             0.51535                   1
          115.701526             0.51486                   1
          127.651076             0.51476                   1
          159.552741             0.51468                   1
          177.508196             0.51475                   1
          211.375450             0.51475                   1
          219.346966             0.51477                   1
          259.235672             0.51488                   1
          267.222793             0.51480                   1
          275.194332             0.51487                   1
          283.165912             0.51476                   1
          285.147031             0.51479                   1
          297.112120             0.51479                   1
          299.093939             0.52986                   1
          307.080424             0.51475                   1
          317.048741             0.51474                   1
          321.026631             0.51482                   1
          338.950979             0.51476                   1
