            8.050272             0.51459                   1
           18.002763             0.51479                   1
           31.964656             0.51474                   1
           53.929241             0.51472                   1
           63.881897             0.51481                   1
           65.863079             0.51483                   1
           67.844271             0.51478                   1
          127.669580             0.51479                   1
          139.634756             0.51477                   1
          179.523451             0.51484                   1
          185.498272             0.51479                   1
          209.397265             0.51470                   1
          219.365531             0.51491                   1
          223.359090             0.51473                   1
          247.273639             0.51528                   1
          261.219941             0.51468                   1
          267.194619             0.51481                   1
          275.151505             0.52943                   1
          301.093075             0.51481                   1
          305.086678             0.51480                   1
          309.049025             0.51481                   1
          319.032977             0.51473                   1
          323.026517             0.51479                   1
          340.966350             0.51475                   1
