            8.044611             0.51463                   1
           29.993425             0.51471                   1
           45.952029             0.51480                   1
           49.914424             0.51470                   1
           61.879424             0.51482                   1
           73.813367             0.51476                   1
          103.718259             0.51476                   1
          107.696168             0.51479                   1
          115.683266             0.51488                   1
          119.645694             0.51522                   1
          135.619851             0.51479                   1
          155.540921             0.51471                   1
          177.474279             0.51483                   1
          189.439419             0.51473                   1
          225.303439             0.51480                   1
          233.259295             0.51481                   1
          251.199171             0.51536                   1
          293.069187             0.51475                   1
          307.015394             0.51478                   1
          320.977300             0.51479                   1
          324.955202             0.51477                   1
          336.951504             0.51477                   1
