            8.047274             0.51452                   1
           19.996534             0.51478                   1
           25.971515             0.51480                   1
           27.968032             0.51479                   1
           49.917070             0.51473                   1
           61.882114             0.51481                   1
           71.834748             0.51488                   1
           81.818673             0.51473                   1
          119.679519             0.51479                   1
          131.644579             0.51477                   1
          147.587633             0.51483                   1
          155.559155             0.51479                   1
          165.527461             0.51479                   1
          183.482899             0.51482                   1
          185.464001             0.51481                   1
          207.413127             0.51466                   1
          209.394242             0.51480                   1
          215.368949             0.51480                   1
          253.276599             0.51477                   1
          273.213206             0.51475                   1
          289.124950             0.51514                   1
          309.077236             0.51474                   1
          319.045497             0.51481                   1
          324.989044             0.51481                   1
