           14.024835             0.51469                   1
           23.977451             0.51481                   1
           41.948519             0.51479                   1
           45.942094             0.51477                   1
           55.910397             0.51476                   1
           57.891537             0.51487                   1
           85.799688             0.51479                   1
          101.758319             0.51477                   1
          105.720678             0.51481                   1
          109.714220             0.51479                   1
          131.647614             0.51483                   1
          147.621902             0.51480                   1
          153.596534             0.51484                   1
          175.545563             0.51480                   1
          181.504662             0.51483                   1
          187.479398             0.51487                   1
          229.333878             0.51477                   1
          231.314990             0.51485                   1
          237.289783             0.51468                   1
          255.245144             0.51482                   1
          271.172566             0.51489                   1
          299.111955             0.51473                   1
          307.067772             0.51480                   1
          332.994797             0.51478                   1
