           20.009557             0.51469                   1
           31.974557             0.51479                   1
           35.953246             0.52966                   1
           47.933182             0.51478                   1
           59.898181             0.51497                   1
           63.860944             0.51540                   1
           69.835401             0.51478                   1
           89.756346             0.51480                   1
          101.722473             0.52935                   1
          123.639263             0.51476                   1
          167.506966             0.52949                   1
          183.449025             0.51481                   1
          191.420593             0.51478                   1
          197.395339             0.51472                   1
          203.370052             0.51475                   1
          209.344782             0.51480                   1
          215.335056             0.51479                   1
          231.262601             0.51473                   1
          255.192712             0.51479                   1
          263.179870             0.51469                   1
          265.160990             0.51485                   1
          283.100805             0.51486                   1
          301.040699             0.51471                   1
          313.005736             0.51481                   1
