           65.857412             0.51484                   1
           71.816550             0.51477                   1
           75.794461             0.51484                   1
           87.775225             0.51477                   1
           97.743443             0.51482                   1
          117.664502             0.51474                   1
          137.601033             0.51481                   1
          145.588226             0.51483                   1
          147.569372             0.51481                   1
          153.559721             0.51481                   1
          163.528100             0.51478                   1
          195.399270             0.52970                   1
          207.363657             0.51476                   1
          217.316339             0.51481                   1
          229.281372             0.51474                   1
          239.234090             0.51478                   1
          249.218010             0.51471                   1
          279.107217             0.51506                   1
          287.078790             0.51482                   1
          295.050317             0.51478                   1
          314.986951             0.51476                   1
