           14.011096             0.51480                   1
           23.963888             0.51471                   1
           29.954208             0.51484                   1
           61.840185             0.51479                   1
           79.780098             0.51472                   1
           89.717085             0.51486                   1
          111.666159             0.51478                   1
          113.647351             0.51480                   1
          123.600053             0.51475                   1
          145.533388             0.51478                   1
          179.463186             0.51469                   1
          185.437789             0.51539                   1
          189.431358             0.51486                   1
          191.412472             0.51485                   1
          195.406148             0.51470                   1
          219.367378             0.51488                   1
          225.357817             0.51481                   1
          241.300815             0.51479                   1
          251.284752             0.51466                   1
          259.240635             0.51486                   1
          273.218190             0.51475                   1
          279.177228             0.51476                   1
          295.089064             0.51484                   1
          313.028952             0.51470                   1
