           12.025043             0.51476                   1
           16.002936             0.51483                   1
           47.935867             0.51477                   1
           51.898199             0.51477                   1
           63.863227             0.51538                   1
           69.853597             0.51483                   1
           89.790213             0.51482                   1
           91.771357             0.51494                   1
          113.720421             0.51476                   1
          123.673105             0.51478                   1
          153.577973             0.51475                   1
          167.509352             0.52961                   1
          191.454400             0.51476                   1
          195.416987             0.51540                   1
          229.330785             0.51482                   1
          235.321112             0.51485                   1
          241.295927             0.51480                   1
          249.283023             0.51477                   1
          257.254562             0.51480                   1
          277.175532             0.51479                   1
          323.007962             0.51471                   1
          328.982594             0.51477                   1
          336.969692             0.51490                   1
