           16.006892             0.51471                   1
           73.834533             0.51483                   1
           79.809289             0.51485                   1
           91.790004             0.51477                   1
           93.771189             0.51480                   1
          103.739441             0.51483                   1
          121.694941             0.51473                   1
          123.676009             0.51488                   1
          155.593362             0.51479                   1
          163.564805             0.51490                   1
          167.558448             0.51474                   1
          191.457374             0.51479                   1
          193.454205             0.51477                   1
          195.435417             0.51473                   1
          197.416561             0.51477                   1
          215.387553             0.51478                   1
          225.340227             0.51481                   1
          249.270354             0.51486                   1
          257.241949             0.51476                   1
          263.201067             0.51478                   1
          287.146860             0.51475                   1
          289.128044             0.51469                   1
          330.998870             0.52959                   1
          334.976043             0.51468                   1
