            8.036653             0.51444                   1
           15.992287             0.51478                   1
           17.989100             0.51480                   1
           31.935344             0.51476                   1
           39.922485             0.51476                   1
           43.900439             0.51474                   1
           47.878410             0.51475                   1
           77.798877             0.51478                   1
           85.739182             0.51474                   1
          103.694666             0.51472                   1
          107.672656             0.51469                   1
          115.628500             0.51481                   1
          121.618789             0.51486                   1
          157.499320             0.52954                   1
          167.482387             0.51479                   1
          233.330123             0.52956                   1
          255.278279             0.51487                   1
          257.259407             0.51488                   1
          275.199322             0.51480                   1
          289.130106             0.51538                   1
          305.057463             0.51467                   1
          321.000458             0.51475                   1
          332.965571             0.51472                   1
