           45.897227             0.51479                   1
           57.862305             0.51477                   1
           81.761235             0.51494                   1
           83.758024             0.51485                   1
           99.701075             0.51473                   1
          125.581194             0.51480                   1
          129.574788             0.51471                   1
          137.546280             0.51475                   1
          149.526956             0.51484                   1
          165.485639             0.51473                   1
          207.386817             0.51471                   1
          235.326123             0.51471                   1
          267.227793             0.51471                   1
          281.174063             0.51477                   1
          285.151980             0.51484                   1
          291.126716             0.51486                   1
          293.107936             0.51477                   1
          299.082646             0.51475                   1
          309.050940             0.51487                   1
          315.010093             0.51478                   1
          322.981674             0.51472                   1
          338.955879             0.51477                   1
