file version= 2.0
gentask.....= PsychoPy
id..........=
operator....=
doctor......=
referral....=
institution.=
subject.....= P99999991BEH
age.........=
sex.........=
hand........=
medications.=
class.......=
state.......=
label.......=
date........= 2016_Jan_22_1625
time........=
education...=
occupation..=
  Trial  Resp  Type  Correct      Latency    Stim/Resp
  ----- ----- -----    -----        -----        -----
      1     0    24        0  1466.859000         Stim
      2     0    27        0  1466.859000         Stim
      3     0    16        0  1466.859000         Stim
      4     0    27        0  1466.859000         Stim
      5     0    28        0  1466.859000         Stim
      6     0    18        0  1466.859000         Stim
      7     0    18        0  1466.859000         Stim
      8     0    16        0  1466.859000         Stim
      9     0    27        0  1466.859000         Stim
     10     0    16        0  1466.859000         Stim
     11     0    27        0  1466.859000         Stim
     12     0    18        0  1466.859000         Stim
     13     0    26        0  1466.859000         Stim
     14     0    15        0  1466.859000         Stim
     15     0    27        0  1466.859000         Stim
     16     0    16        0  1466.859000         Stim
     17     0    27        0  1466.859000         Stim
     18     0    16        0  1466.859000         Stim
     19     0    17        0  1466.859000         Stim
     20     0    18        0  1466.859000         Stim
     21     0    16        0  1466.859000         Stim
     22     0    25        0  1466.859000         Stim
     23     0    15        0  1466.859000         Stim
     24     0    27        0  1466.859000         Stim
     25     0    18        0  1466.859000         Stim
     26     0    28        0  1466.859000         Stim
     27     0    28        0  1466.859000         Stim
     28     0    26        0  1466.859000         Stim
     29     0    17        0  1466.859000         Stim
     30     0    26        0  1466.859000         Stim
     31     0    25        0  1466.859000         Stim
     32     0    17        0  1466.859000         Stim
     33     0    26        0  1466.859000         Stim
     34     0    17        0  1466.859000         Stim
     35     0    28        0  1466.859000         Stim
     36     0    16        0  1466.859000         Stim
     37     0    25        0  1466.859000         Stim
     38     0    17        0  1466.859000         Stim
     39     0    26        0  1466.859000         Stim
     40     0    25        0  1466.859000         Stim
     41     0    25        0  1466.859000         Stim
     42     0    15        0  1466.859000         Stim
     43     0    27        0  1466.859000         Stim
     44     0    28        0  1466.859000         Stim
     45     0    16        0  1466.859000         Stim
     46     0    25        0  1466.859000         Stim
     47     0    15        0  1466.859000         Stim
     48     0    25        0  1466.859000         Stim
     49     0    27        0  1466.859000         Stim
     50     0    26        0  1466.859000         Stim
     51     0    17        0  1466.859000         Stim
     52     0    16        0  1466.859000         Stim
     53     0    17        0  1466.859000         Stim
     54     0    26        0  1466.859000         Stim
     55     0    25        0  1466.859000         Stim
     56     0    17        0  1466.859000         Stim
     57     0    16        0  1466.859000         Stim
     58     0    15        0  1466.859000         Stim
     59     0    15        0  1466.859000         Stim
     60     0    15        0  1466.859000         Stim
     61     0    17        0  1466.859000         Stim
     62     0    26        0  1466.859000         Stim
     63     0    27        0  1466.859000         Stim
     64     0    16        0  1466.859000         Stim
     65     0    27        0  1466.859000         Stim
     66     0    28        0  1466.859000         Stim
     67     0    18        0  1466.859000         Stim
     68     0    26        0  1466.859000         Stim
     69     0    27        0  1466.859000         Stim
     70     0    16        0  1466.859000         Stim
     71     0    15        0  1466.859000         Stim
     72     0    27        0  1466.859000         Stim
     73     0    18        0  1466.859000         Stim
     74     0    16        0  1466.859000         Stim
     75     0    15        0  1466.859000         Stim
     76     0    25        0  1466.859000         Stim
     77     0    17        0  1466.859000         Stim
     78     0    16        0  1466.859000         Stim
     79     0    15        0  1466.859000         Stim
     80     0    27        0  1466.859000         Stim
     81     0    18        0  1466.859000         Stim
     82     0    26        0  1466.859000         Stim
     83     0    15        0  1466.859000         Stim
     84     0    25        0  1466.859000         Stim
     85     0    27        0  1466.859000         Stim
     86     0    28        0  1466.859000         Stim
     87     0    26        0  1466.859000         Stim
     88     0    15        0  1466.859000         Stim
     89     0    25        0  1466.859000         Stim
     90     0    27        0  1466.859000         Stim
     91     0    16        0  1466.859000         Stim
     92     0    15        0  1466.859000         Stim
     93     0    17        0  1466.859000         Stim
     94     0    18        0  1466.859000         Stim
     95     0    18        0  1466.859000         Stim
     96     0    18        0  1466.859000         Stim
     97     0    26        0  1466.859000         Stim
     98     0    17        0  1466.859000         Stim
     99     0    28        0  1466.859000         Stim
    100     0    28        0  1466.859000         Stim
    101     0    28        0  1466.859000         Stim
    102     0    26        0  1466.859000         Stim
    103     0    27        0  1466.859000         Stim
    104     0    28        0  1466.859000         Stim
    105     0    18        0  1466.859000         Stim
    106     0    28        0  1466.859000         Stim
    107     0    28        0  1466.859000         Stim
    108     0    28        0  1466.859000         Stim
    109     0    26        0  1466.859000         Stim
    110     0    15        0  1466.859000         Stim
    111     0    25        0  1466.859000         Stim
    112     0    17        0  1466.859000         Stim
    113     0    18        0  1466.859000         Stim
    114     0    26        0  1466.859000         Stim
    115     0    25        0  1466.859000         Stim
    116     0    25        0  1466.859000         Stim
    117     0    27        0  1466.859000         Stim
    118     0    26        0  1466.859000         Stim
    119     0    17        0  1466.859000         Stim
    120     0    26        0  1466.859000         Stim
    121     0    15        0  1466.859000         Stim
    122     0    17        0  1466.859000         Stim
    123     0    16        0  1466.859000         Stim
    124     0    15        0  1466.859000         Stim
    125     0    17        0  1466.859000         Stim
    126     0    18        0  1466.859000         Stim
    127     0    26        0  1466.859000         Stim
    128     0    15        0  1466.859000         Stim
    129     0    25        0  1466.859000         Stim
    130     0    17        0  1466.859000         Stim
    131     0    28        0  1466.859000         Stim
    132     0    28        0  1466.859000         Stim
    133     0    16        0  1466.859000         Stim
    134     0    17        0  1466.859000         Stim
    135     0    26        0  1466.859000         Stim
    136     0    17        0  1466.859000         Stim
    137     0    16        0  1466.859000         Stim
    138     0    15        0  1466.859000         Stim
    139     0    25        0  1466.859000         Stim
    140     0    17        0  1466.859000         Stim
    141     0    18        0  1466.859000         Stim
    142     0    18        0  1466.859000         Stim
    143     0    28        0  1466.859000         Stim
    144     0    16        0  1466.859000         Stim
    145     0    25        0  1466.859000         Stim
    146     0    25        0  1466.859000         Stim
    147     0    17        0  1466.859000         Stim
    148     0    16        0  1466.859000         Stim
    149     0    15        0  1466.859000         Stim
    150     0    17        0  1466.859000         Stim
    151     0    28        0  1466.859000         Stim
    152     0    28        0  1466.859000         Stim
    153     0    28        0  1466.859000         Stim
    154     0    28        0  1466.859000         Stim
    155     0    18        0  1466.859000         Stim
    156     0    26        0  1466.859000         Stim
